83330000.000000    0.999531    
99990000.000000    0.999390    
116650000.000000    0.999234    
133310000.000000    0.999062    
149970000.000000    0.998873    
166630000.000000    0.998668    
183290000.000000    0.998443    
199950000.000000    0.998200    
216610000.000000    0.997936    
233270000.000000    0.997650    
249930000.000000    0.997338    
266590000.000000    0.996998    
283250000.000000    0.996621    
299910000.000000    0.996197    
316570000.000000    0.995704    
333230000.000000    0.995105    
349890000.000000    0.994336    
366550000.000000    0.993290    
383210000.000000    0.991792    
399870000.000000    0.989559    
416530000.000000    0.986147    
433190000.000000    0.980883    
449850000.000000    0.972766    
466510000.000000    0.960372    
483170000.000000    0.941786    
499830000.000000    0.914615    
516490000.000000    0.876203    
533150000.000000    0.824154    
549810000.000000    0.757243    
566470000.000000    0.676422    
583130000.000000    0.585408    
599790000.000000    0.490266    
616450000.000000    0.397892    
633110000.000000    0.314115    
649770000.000000    0.242475    
666430000.000000    0.184069    
683090000.000000    0.138138    
699750000.000000    0.102946    
716410000.000000    0.076457    
733070000.000000    0.056743    
749730000.000000    0.042161    
766390000.000000    0.031403    
783050000.000000    0.023470    
799710000.000000    0.017612    
816370000.000000    0.013273    
833030000.000000    0.010049    
849690000.000000    0.007643    
866350000.000000    0.005841    
883010000.000000    0.004484    
899670000.000000    0.003458    
916330000.000000    0.002679    
932990000.000000    0.002085    
949650000.000000    0.001629    
966310000.000000    0.001278    
982970000.000000    0.001007    
999630000.000000    0.000797    
1016290000.000000    0.000000    
1032950000.000000    0.000000    
1049610000.000000    0.000000    
1066270000.000000    0.000000    
