-5.000000000000000000e+01 -5.985119047619011850e-05
-4.975000000000000000e+01 -4.536011904761865908e-05
-4.950000000000000000e+01 -3.086904761904720644e-05
-4.925000000000000000e+01 -1.637797619047574364e-05
-4.900000000000000000e+01 -7.730654761904461842e-06
-4.875000000000000000e+01 -1.692708333333141826e-06
-4.850000000000000000e+01 4.345238095238179883e-06
-4.825000000000000000e+01 1.038318452380949990e-05
-4.800000000000000000e+01 1.583705357142840194e-05
-4.775000000000000000e+01 1.885602678571404500e-05
-4.750000000000000000e+01 2.187499999999968468e-05
-4.725000000000000000e+01 2.489397321428532436e-05
-4.700000000000000000e+01 2.791294642857096743e-05
-4.675000000000000000e+01 3.981684981684924875e-05
-4.650000000000000000e+01 5.560840201465154888e-05
-4.625000000000000000e+01 7.139995421245382869e-05
-4.600000000000000000e+01 8.719150641025612204e-05
-4.575000000000000000e+01 1.029830586080584290e-04
-4.550000000000000000e+01 1.148133116883116894e-04
-4.525000000000000000e+01 1.257913961038963080e-04
-4.500000000000000000e+01 1.367694805194809131e-04
-4.475000000000000000e+01 1.477475649350655452e-04
-4.450000000000000000e+01 1.510416666666673791e-04
-4.425000000000000000e+01 1.510416666666673791e-04
-4.400000000000000000e+01 1.510416666666673791e-04
-4.375000000000000000e+01 1.510416666666673791e-04
-4.350000000000000000e+01 1.601062925170086096e-04
-4.325000000000000000e+01 2.049596088435384929e-04
-4.300000000000000000e+01 2.498129251700683491e-04
-4.275000000000000000e+01 2.826934523809524532e-04
-4.250000000000000000e+01 3.068452380952381127e-04
-4.225000000000000000e+01 3.309970238095237723e-04
-4.200000000000000000e+01 3.551488095238094318e-04
-4.175000000000000000e+01 4.127410714285722560e-04
-4.150000000000000000e+01 4.924419642857157673e-04
-4.125000000000000000e+01 5.721428571428593870e-04
-4.100000000000000000e+01 7.758244047618957032e-04
-4.075000000000000000e+01 1.109119047619040212e-03
-4.050000000000000000e+01 1.442413690476184937e-03
-4.025000000000000000e+01 1.775708333333329229e-03
-4.000000000000000000e+01 2.377157738095255456e-03
-3.975000000000000000e+01 3.058238095238115153e-03
-3.950000000000000000e+01 3.744633928571441776e-03
-3.925000000000000000e+01 4.744517857142874218e-03
-3.900000000000000000e+01 5.744401785714309261e-03
-3.875000000000000000e+01 6.653154761904767241e-03
-3.850000000000000000e+01 7.855913690476201347e-03
-3.825000000000000000e+01 8.254861111111115590e-03
-3.800000000000000000e+01 9.301438492063508409e-03
-3.775000000000000000e+01 8.481190476190475502e-03
-3.750000000000000000e+01 8.432886904761904834e-03
-3.725000000000000000e+01 8.241398809523813040e-03
-3.700000000000000000e+01 6.853363095238097259e-03
-3.675000000000000000e+01 6.322232142857145062e-03
-3.650000000000000000e+01 4.704791666666668752e-03
-3.625000000000000000e+01 4.608184523809525680e-03
-3.600000000000000000e+01 3.425267857142858929e-03
-3.575000000000000000e+01 2.785505952380954667e-03
-3.550000000000000000e+01 2.363005952380953234e-03
-3.525000000000000000e+01 2.266398809523808861e-03
-3.500000000000000000e+01 1.985900297619047541e-03
-3.475000000000000000e+01 1.931558779761905539e-03
-3.450000000000000000e+01 1.770245535714286451e-03
-3.425000000000000000e+01 1.662708333333333312e-03
-3.400000000000000000e+01 1.566101190476191108e-03
-3.375000000000000000e+01 1.362723214285716704e-03
-3.350000000000000000e+01 1.155625000000002137e-03
-3.325000000000000000e+01 9.857477678571434625e-04
-3.300000000000000000e+01 9.193303571428569501e-04
-3.275000000000000000e+01 7.753541666666663792e-04
-3.250000000000000000e+01 8.091666666666663676e-04
-3.225000000000000000e+01 8.429791666666666813e-04
-3.200000000000000000e+01 8.767916666666666697e-04
-3.175000000000000000e+01 9.106041666666668749e-04
-3.150000000000000000e+01 6.724627976190485816e-04
-3.125000000000000000e+01 6.362351190476200381e-04
-3.100000000000000000e+01 5.956250000000012099e-04
-3.075000000000000000e+01 5.533593750000015497e-04
-3.050000000000000000e+01 5.082142857142871867e-04
-3.025000000000000000e+01 4.599107142857148918e-04
-3.000000000000000000e+01 4.212425595238102082e-04
-2.975000000000000000e+01 4.152046130952385494e-04
-2.950000000000000000e+01 4.091666666666668364e-04
-2.925000000000000000e+01 4.031287202380951233e-04
-2.900000000000000000e+01 3.970907738095235187e-04
-2.875000000000000000e+01 3.038194444444450456e-04
-2.850000000000000000e+01 2.836929563492068514e-04
-2.825000000000000000e+01 2.935900297619039191e-04
-2.800000000000000000e+01 3.358556547619036335e-04
-2.775000000000000000e+01 3.598883928571439453e-04
-2.750000000000000000e+01 3.236607142857145887e-04
-2.725000000000000000e+01 2.874330357142852320e-04
-2.700000000000000000e+01 3.224553571428573633e-04
-2.675000000000000000e+01 3.586830357142857442e-04
-2.650000000000000000e+01 3.416964285714287823e-04
-2.625000000000000000e+01 3.054687500000002930e-04
-2.600000000000000000e+01 2.985565476190472282e-04
-2.575000000000000000e+01 3.227083333333331588e-04
-2.550000000000000000e+01 3.305335884353758258e-04
-2.525000000000000000e+01 2.856802721088450210e-04
-2.500000000000000000e+01 2.408269557823141619e-04
-2.475000000000000000e+01 2.288446969696979042e-04
-2.450000000000000000e+01 2.376271645021652739e-04
-2.425000000000000000e+01 2.464096320346326435e-04
-2.400000000000000000e+01 2.551920995671000674e-04
-2.375000000000000000e+01 2.655877976190479752e-04
-2.350000000000000000e+01 2.776636904761909134e-04
-2.325000000000000000e+01 2.897395833333339058e-04
-2.300000000000000000e+01 3.018154761904768440e-04
-2.275000000000000000e+01 3.138913690476197822e-04
-2.250000000000000000e+01 2.325148809523818882e-04
-2.225000000000000000e+01 2.325148809523818882e-04
-2.200000000000000000e+01 2.325148809523818882e-04
-2.175000000000000000e+01 2.325148809523818882e-04
-2.150000000000000000e+01 1.860178571428571979e-04
-2.125000000000000000e+01 1.908482142857141997e-04
-2.100000000000000000e+01 1.956785714285712557e-04
-2.075000000000000000e+01 2.005089285714282575e-04
-2.050000000000000000e+01 2.053392857142852593e-04
-2.025000000000000000e+01 2.173883928571425145e-04
-2.000000000000000000e+01 2.294642857142856153e-04
-1.975000000000000000e+01 2.415401785714286619e-04
-1.950000000000000000e+01 2.536160714285718440e-04
-1.925000000000000000e+01 1.781994047619049615e-04
-1.900000000000000000e+01 1.781994047619049615e-04
-1.875000000000000000e+01 1.781994047619049615e-04
-1.850000000000000000e+01 1.781994047619049615e-04
-1.825000000000000000e+01 1.130297619047617390e-04
-1.800000000000000000e+01 1.275208333333331103e-04
-1.775000000000000000e+01 1.420119047619044952e-04
-1.750000000000000000e+01 1.565029761904758801e-04
-1.725000000000000000e+01 1.709940476190472650e-04
-1.700000000000000000e+01 8.466517857142869766e-05
-1.675000000000000000e+01 8.768415178571439155e-05
-1.650000000000000000e+01 9.070312500000004478e-05
-1.625000000000000000e+01 9.372209821428572512e-05
-1.600000000000000000e+01 9.669642857142864113e-05
-1.575000000000000000e+01 9.065848214285733466e-05
-1.550000000000000000e+01 8.462053571428606886e-05
-1.525000000000000000e+01 7.858258928571477595e-05
-1.500000000000000000e+01 7.254464285714351014e-05
-1.475000000000000000e+01 3.889583333333292804e-05
-1.450000000000000000e+01 5.338690476190445522e-05
-1.425000000000000000e+01 6.787797619047598917e-05
-1.400000000000000000e+01 8.236904761904752313e-05
-1.375000000000000000e+01 9.639136904761904908e-05
-1.350000000000000000e+01 6.016369047619058011e-05
-1.325000000000000000e+01 2.393601190476212469e-05
-1.300000000000000000e+01 3.361607142857108403e-05
-1.275000000000000000e+01 5.776785714285698751e-05
-1.250000000000000000e+01 6.339285714285783574e-05
-1.225000000000000000e+01 5.131696428571473493e-05
-1.200000000000000000e+01 3.924107142857163411e-05
-1.175000000000000000e+01 2.716517857142853668e-05
-1.150000000000000000e+01 1.521205357142835625e-05
-1.125000000000000000e+01 1.219308035714271657e-05
-1.100000000000000000e+01 9.174107142857078586e-06
-1.075000000000000000e+01 6.155133928571435519e-06
-1.050000000000000000e+01 3.136160714285794146e-06
-1.025000000000000000e+01 1.171875000001534350e-07
-1.000000000000000000e+01 -2.901785714285486482e-06
-9.750000000000000000e+00 -5.920758928571127432e-06
-9.500000000000000000e+00 -8.939732142856769652e-06
-9.250000000000000000e+00 -1.190476190476158491e-05
-9.000000000000000000e+00 -1.190476190476158491e-05
-8.750000000000000000e+00 -1.190476190476158491e-05
-8.500000000000000000e+00 -1.190476190476158491e-05
-8.250000000000000000e+00 -1.190476190476158491e-05
-8.000000000000000000e+00 -5.624999999999748785e-06
-7.750000000000000000e+00 6.450892857143198719e-06
-7.500000000000000000e+00 1.852678571428614622e-05
-7.250000000000000000e+00 3.060267857142909796e-05
-7.000000000000000000e+00 4.174107142857349736e-05
-6.750000000000000000e+00 1.155133928571631453e-05
-6.500000000000000000e+00 -1.863839285714086831e-05
-6.250000000000000000e+00 -2.314918154761863844e-05
-6.000000000000000000e+00 -2.013020833333296149e-05
-5.750000000000000000e+00 -1.711123511904728115e-05
-5.500000000000000000e+00 -1.409226190476160251e-05
-5.250000000000000000e+00 -5.017006802723198527e-07
-5.000000000000000000e+00 4.090136054421772503e-05
-4.750000000000000000e+00 8.230442176870777170e-05
-4.500000000000000000e+00 9.243371212121220554e-05
-4.250000000000000000e+00 8.584686147186178673e-05
-4.000000000000000000e+00 7.926001082251135437e-05
-3.750000000000000000e+00 7.267316017316090846e-05
-3.500000000000000000e+00 -6.011904761904857133e-06
-3.250000000000000000e+00 5.135073260073467572e-06
-3.000000000000000000e+00 1.628205128205179058e-05
-2.750000000000000000e+00 2.742902930403011698e-05
-2.500000000000000000e+00 3.857600732600843660e-05
-2.250000000000000000e+00 2.580357142857374016e-06
-2.000000000000000000e+00 2.190178571428578441e-05
-1.750000000000000000e+00 4.122321428571419481e-05
-1.500000000000000000e+00 6.054464285714262215e-05
-1.250000000000000000e+00 6.635044642857225070e-05
-1.000000000000000000e+00 6.031250000000089681e-05
-7.500000000000000000e-01 5.427455357142954291e-05
-5.000000000000000000e-01 4.823660714285816868e-05
-2.500000000000000000e-01 4.241071428571531465e-05
