0.8474985686902841 0.000004302226482344462
1.4269315934189386 -0.0004625636099935028
1.8653448147816611 0.00014917998560560336
2.426507693826011 -0.0004625636099934837
2.8649964689378145 0.00014126950807629227
3.446861075231709 -0.0003122645369368106
4.401986386593222 -0.00030962771109370804
4.838309287564552 0.0005209724294826176
5.867980964690847 -0.0003043540594075099
6.867557065097934 -0.0003043540594075099
7.375555289368801 -0.0000011190874510697696
8.352868218378543 0.000004154564235128375
8.969991240912552 0.000510425126110237
9.377628901814258 -0.0003069908852506159
10.88804908437444 -0.00030171723356441603
11.37280193850987 0.00010962759795911034
11.732034830830514 -0.000291169930192018
12.442844502231097 -0.000291169930192018
12.883171751903994 0.00012017490133150836
13.421164814561987 -0.0003913693122298001
13.904859916210214 0.00013072220470390465
14.308921366321858 -0.00031226453693681405
14.930829459631308 -0.0003069908852506159
15.512542958427034 -0.0007447039752051365
15.814556478106589 0.00019400602493829452
16.44225702551263 -0.000407190267288398
16.881727999362553 0.00009380664290051244
17.50816931761716 -0.0003755483571712022
18.035937439565522 0.0001834587215658965
18.440351473839563 -0.0002964435818782179
18.704487380644032 -0.000043308300940663597
19.504148260969686 -0.000043308300940663597
19.817494843012135 -0.000291169930192018
20.483878909950178 -0.000291169930192018
20.836463072351265 0.000004154564235128375
21.9028286869503 -0.000011666390823469527
22.707677591379863 -0.0005548525145019703
23.945348739739778 0.00009908029458671232
24.437808076281975 -0.0002964435818782179
25.50402258338285 -0.0002964435818782179
25.76780590602492 -0.0000063927391372696485
26.389865106832545 -0.00001694004250966767
26.88121632172148 -0.0002964435818782179
28.347210899819117 -0.000291169930192018
28.922023822865 -0.0000063927391372696485
29.947691151289746 -0.00041246391897459614
30.07419331184264 0.0002968422328191774
30.857559766948746 -0.00032281184030921554
31.985879455798283 0.0001518168114487007
32.43874862781945 -0.0007499776268913346
32.966919703096266 -0.00023315976164382975
33.50498831950335 -0.0007526144527344441
33.89582786352495 0.00018873237325209465
34.43427424867746 -0.00037027470548500405
34.83067958554839 -0.000011666390823469527
35.9413196971118 -0.000011666390823469527
36.4327212811668 -0.0002964435818782179
37.05473011280836 -0.00030171723356441603
37.45173987967198 -0.0000063927391372696485
38.02932310685101 -0.000011666390823469527
38.83502828710354 -0.0006445045931673544
39.89409037262428 0.00010435394627291046
40.47590460975212 -0.0003439064470540081
41.357465754086945 0.0003838574856414607
42.430782313601895 -0.000359727402112606
43.093791646414104 -0.0000063927391372696485
44.16262535014996 -0.00028062262681962
44.91534216771021 -0.00001694004250966767
30.65170098527259 0.0002994790586622765
31.76828465843076 -0.0003228118403092138
45.58167586548219 -0.000011666390823469527
45.93244673790522 0.00047350956430684474
46.428583023569594 -0.0003069908852506159
47.361520717282865 -0.0003069908852506159
47.75848011498041 -0.0000063927391372696485
48.469289786381005 -0.0000063927391372696485
48.87194089984303 -0.00030171723356441603
49.982581011406445 -0.00030171723356441603
50.422908261079336 0.00010962759795911034
50.9165764576069 -0.00041246391897459614
51.35705481477799 -0.00001694004250966767
51.97901327725349 -0.00001694004250966767
52.38156365238341 -0.00030171723356441603
53.00352211485892 -0.00030171723356441603
53.26720469916888 -0.0000011190874510697696
54.37784481073229 -0.0000011190874510697696
54.736171058063896 -0.0003069908852506159
55.44693036029842 -0.00030171723356441603
55.93213653692836 0.00006216473278331837
56.42504919596508 -0.00038082200885740207
57.04338107848448 -0.0000011190874510697696
57.93189316773519 -0.0000011190874510697696
58.33464501952934 -0.0003069908852506159
59.04545469092994 -0.0003069908852506159
59.44175928946874 0.00006216473278331837
59.89326849400636 -0.0006972411100293462
60.467174772063196 -0.00031753818862301393
61.000282025613636 -0.00031753818862301393
61.26406534825569 -0.000027487345882065695
61.84154783710263 -0.00002221369419586755
62.466981772036085 -0.0003860956605436002
62.862228618087705 0.00009380664290051244
63.44429470104583 -0.00038082200885740207
63.88416862822421 0.00007798568784191454
64.37733313309121 -0.0003913693122298001
64.90600790002858 0.00007271203615571639
65.44344690185997 -0.00038082200885740207
65.88352230570257 0.00005689108109711849
66.46448026700745 -0.00030171723356441603
67.13086433394548 -0.00030171723356441603
67.43806587772895 0.00009380664290051244
67.84545169280037 -0.0006972411100293462
68.72177444386523 0.000578982598030825
69.21045609295314 0.000578982598030825
69.34922314544099 0.000004154564235128375
69.8379047945289 0.000004154564235128375
70.28790292408479 -0.0005970417279915641
70.73220933787618 -0.0006023153796777623
70.8581826221855 0.00016236411482110046
71.39678011483616 -0.00041246391897459614
71.92525340510934 0.00007271203615571639
72.37409304384593 -0.000407190267288398
72.8581910988226 0.00007271203615571639
73.48488426290751 -0.0004230112223469959
73.87992963229487 0.00007798568784191454
74.37233859967102 -0.00031226453693681405
76.41581566661557 -0.00030171723356441603
76.94605187770077 -0.0000011190874510697696
77.92341517587656 -0.0000011190874510697696
78.99632878206307 -0.0007025147617155426
79.34513525700982 -0.000011666390823469527
80.45572499940718 -0.0000063927391372696485
80.99250920207982 -0.0003913693122298001
81.34333044366886 0.00008853299121431256
81.92574911078941 -0.0004230112223469959
82.05227645592535 0.0002836581036036786
82.62980931393832 0.0002836581036036786
82.85873717366874 -0.0004282848740331923
83.3869586181116 0.00008325933952811441
83.87916610882351 -0.00028589627850581986
84.41212225487578 -0.00027007532344722196
84.62609047228719 0.0005842562497170248
85.15919772583763 0.0005842562497170248
85.39084552053512 -0.00041246391897459614
85.96434884526352 0.000009428215921328253
86.85301204201241 -0.0000063927391372696485
87.4788992994404 -0.000417737570660796
87.69432822266745 0.0002836581036036786
88.13868500562495 0.00027311080023128056
88.4107288715004 -0.00030171723356441603
88.94383612505084 -0.00030171723356441603
89.3851707580449 0.000004154564235128375
89.51955569308575 -0.00011186577286124988
89.91832838076138 -0.0000011190874510697696
90.36555620618412 -0.00031226453693681405
91.92045236237291 -0.00031226453693681405
92.40515484734226 0.00010435394627291046
93.52415624047117 -0.0007710722336361324
93.86928576629577 0.00030475271034847463
94.890973930602 0.0003153000137208709
95.72337476886491 0.0015387872049190503
96.12320520902776 0.0015387872049190503
97.69865198496788 -0.00526422347027772
98.23175923851832 -0.00526422347027772
99.65025569302392 0.009016825295949299
100.05013650235281 0.009011551644263099
101.57289713059706 -0.010880662516079704
102.96112171630222 0.0112212117007805
103.58308017877772 0.0112212117007805
105.08529018727054 -0.01117071335882065
105.43832767216617 -0.010922851729569296
106.61303736295446 0.01027722804895087
107.1461446165049 0.01027722804895087
108.86146656658616 -0.00651935257159309
109.12802019336138 -0.00651935257159309
110.13797234197625 0.004022677149118801
111.03192430116115 0.0034531227670093045
112.17278591235896 -0.004362429031937681
112.61704195698431 -0.004362429031937681
113.82826929316414 0.0037115316996330586
115.31229603271032 -0.0028225227395675626
116.16046241994914 -0.0032496885261496817
117.29336570290988 0.003722079003005455
118.87525973210538 -0.0037559590880247903
119.63417195709067 -0.004140935661117324
120.8445430174475 0.004022677149118801
122.50909284814304 -0.0028067017845089613
122.91411131240974 -0.0033498879081874638
124.32485091534255 0.0024405816432590873
125.97434036538692 -0.002811975436195163
126.54779332094924 -0.0023848096496130403
127.8342721912187 0.0024616762500038834
129.20446461547533 -0.0014566469528420074
130.05298358687656 -0.0019207283012275238
130.8723891802967 0.0006633610250100092
131.31387492078892 0.0009534118677509574
132.11353580111458 0.0009534118677509574
132.47815819420336 -0.000011666390823469527
133.05553994471813 0.000004154564235128375
133.3306563297231 -0.0008923662224187088
134.5180086811918 0.0003785838339552608
136.49066670065977 -0.0014988361663315995
137.70647763095081 0.001443861474567468
138.9158916771526 0.0004049520923862567
139.3308328671326 -0.0011771434134734571
139.90358065437013 -0.0006761465032845485
139.99782136406333 -0.001240427233707847
140.66380247767296 -0.0011982380202182532
141.7069982758856 0.0012118208003747098
142.19562955580747 0.0012170944520609097
143.3323105262225 -0.0015093834697039975
144.00282486477724 -0.00194182290797232
145.39669079708082 0.0009639591711233537
145.92596999401093 0.001364756699274482
146.64060772203183 0.0009639591711233537
147.0538363603659 -0.00043883217740559033
148.12760624237538 -0.001229879930335449
148.77968546615315 0.0002678371485450807
149.40804081271796 -0.0004019166156021981
150.55132014388647 0.0008321178789683793
151.5402179810894 -0.0003755483571712022
152.02361086774127 0.00017818506987969662
152.52538850000406 -0.001192964368532055
152.91680728943535 -0.00031226453693681405
153.58319135637336 -0.00031226453693681405
154.4632414257265 0.0005737089463446268
155.36313694650616 -0.0006181363347363585
156.51825303169815 -0.0006234099864225566
156.9120895411002 0.000004154564235128375
157.88940247010993 0.000009428215921328253
158.42558224278983 -0.00031226453693681405
159.00311510080283 -0.00031226453693681405
159.30810040127975 0.0003153000137208709
159.97418225322147 0.0003469419238380667
160.38030883914143 -0.00031226453693681405
160.91336572352586 -0.0003069908852506159
161.58569335205863 -0.0009292817842221027
163.03995191446492 0.00030475271034847463
163.83966316395666 0.0002994790586622765
164.33484243546593 -0.00038082200885740207
165.04056482109473 0.0001518168114487007
165.58193261787855 -0.0007130620650879407
165.84440634220314 -0.00028589627850581986
167.35512873975966 -0.00031226453693681405
167.8842064600255 0.00010962759795911034
168.42134324686054 -0.00031226453693681405
170.50944739493187 -0.0003228118403092138
171.0468863967632 -0.0007763458853223305
171.96803770561908 0.00045768860924824684
172.41929506432643 -0.0002753489751334201
172.85831271568182 0.00027311080023128056
173.4854592022612 -0.00027007532344722196
174.02189082077143 -0.0006181363347363585
175.44351016357257 -0.0006181363347363585
176.015250567489 -0.000011666390823469527
176.54830745187337 -0.0000063927391372696485
176.85490456566416 0.00045241495756204696
177.39627236244797 -0.00041246391897459614
177.79192216182804 0.000025249170979926155
179.52467184336513 0.000009428215921328253
180.3304777619498 -0.0006339572897949564
180.86333316966994 -0.0006075890313639604
181.40273656897753 -0.0012667954921388412
181.88834569893595 -0.0009451027392807006
182.4507678071317 0.0006369927665790132
184.0946159105777 0.0006264454632066152
184.4686069685531 -0.001319532009000833
185.21946012696924 -0.0008607243123015147
185.3919745207155 -0.00031753818862301393
186.01378187569284 -0.00030171723356441603
186.22699455561337 0.0006317191148928151
187.15544939354754 0.0011010741149645297
187.79685035412115 -0.0009345554359083026
188.55540999494406 -0.0012826164471974391
189.349177682841 -0.0006655991999121504
189.82849066704225 0.0003153000137208709
190.66940389436883 0.000647540069951413
191.9628337095542 0.00011490124964530848
192.64165896050838 -0.0011876907168458552
193.47738416373105 -0.00031226453693681405
193.8772146038939 -0.00031226453693681405
194.4024642675394 0.000510425126110237
195.38471337482272 -0.0000011190874510697696
196.59422815935662 -0.0010505757730046809
196.75964050068876 0.00023619523842788662
197.52152450647148 -0.0004599267841503881
197.95877923701485 0.00027311080023128056
198.99326116949965 -0.0010558494246908808
199.52264110476185 -0.0006655991999121504
