# t [ns]     h_eff,H [m/ns] h_eff,V [m/ns]
-3.400000e-08 -0.000000e+00 0.000000e+00
-3.390000e-08 -0.000000e+00 0.000000e+00
-3.380000e-08 -0.000000e+00 0.000000e+00
-3.370000e-08 -0.000000e+00 0.000000e+00
-3.360000e-08 -0.000000e+00 0.000000e+00
-3.350000e-08 -0.000000e+00 0.000000e+00
-3.340000e-08 -0.000000e+00 0.000000e+00
-3.330000e-08 -0.000000e+00 0.000000e+00
-3.320000e-08 -0.000000e+00 0.000000e+00
-3.310000e-08 -0.000000e+00 0.000000e+00
-3.300000e-08 -0.000000e+00 0.000000e+00
-3.290000e-08 -0.000000e+00 0.000000e+00
-3.280000e-08 -0.000000e+00 0.000000e+00
-3.270000e-08 -0.000000e+00 0.000000e+00
-3.260000e-08 -0.000000e+00 0.000000e+00
-3.250000e-08 -0.000000e+00 0.000000e+00
-3.240000e-08 -0.000000e+00 0.000000e+00
-3.230000e-08 -0.000000e+00 0.000000e+00
-3.220000e-08 -0.000000e+00 0.000000e+00
-3.210000e-08 -0.000000e+00 0.000000e+00
-3.200000e-08 -0.000000e+00 0.000000e+00
-3.190000e-08 -0.000000e+00 0.000000e+00
-3.180000e-08 -0.000000e+00 0.000000e+00
-3.170000e-08 -0.000000e+00 0.000000e+00
-3.160000e-08 -0.000000e+00 0.000000e+00
-3.150000e-08 -0.000000e+00 0.000000e+00
-3.140000e-08 -0.000000e+00 0.000000e+00
-3.130000e-08 -0.000000e+00 0.000000e+00
-3.120000e-08 -0.000000e+00 0.000000e+00
-3.110000e-08 -0.000000e+00 0.000000e+00
-3.100000e-08 -0.000000e+00 0.000000e+00
-3.090000e-08 -0.000000e+00 0.000000e+00
-3.080000e-08 -0.000000e+00 0.000000e+00
-3.070000e-08 -0.000000e+00 0.000000e+00
-3.060000e-08 -0.000000e+00 0.000000e+00
-3.050000e-08 -0.000000e+00 0.000000e+00
-3.040000e-08 -0.000000e+00 0.000000e+00
-3.030000e-08 -0.000000e+00 0.000000e+00
-3.020000e-08 -0.000000e+00 0.000000e+00
-3.010000e-08 -0.000000e+00 0.000000e+00
-3.000000e-08 -0.000000e+00 0.000000e+00
-2.990000e-08 -0.000000e+00 0.000000e+00
-2.980000e-08 -0.000000e+00 0.000000e+00
-2.970000e-08 -0.000000e+00 0.000000e+00
-2.960000e-08 -0.000000e+00 0.000000e+00
-2.950000e-08 -0.000000e+00 0.000000e+00
-2.940000e-08 -0.000000e+00 0.000000e+00
-2.930000e-08 -0.000000e+00 0.000000e+00
-2.920000e-08 -0.000000e+00 0.000000e+00
-2.910000e-08 -0.000000e+00 0.000000e+00
-2.900000e-08 -0.000000e+00 0.000000e+00
-2.890000e-08 -0.000000e+00 0.000000e+00
-2.880000e-08 -0.000000e+00 0.000000e+00
-2.870000e-08 -0.000000e+00 0.000000e+00
-2.860000e-08 -0.000000e+00 0.000000e+00
-2.850000e-08 -0.000000e+00 0.000000e+00
-2.840000e-08 -0.000000e+00 0.000000e+00
-2.830000e-08 -0.000000e+00 0.000000e+00
-2.820000e-08 -0.000000e+00 0.000000e+00
-2.810000e-08 -0.000000e+00 0.000000e+00
-2.800000e-08 -0.000000e+00 0.000000e+00
-2.790000e-08 -0.000000e+00 0.000000e+00
-2.780000e-08 -0.000000e+00 0.000000e+00
-2.770000e-08 -0.000000e+00 0.000000e+00
-2.760000e-08 -0.000000e+00 0.000000e+00
-2.750000e-08 -0.000000e+00 0.000000e+00
-2.740000e-08 -0.000000e+00 0.000000e+00
-2.730000e-08 -0.000000e+00 0.000000e+00
-2.720000e-08 -0.000000e+00 0.000000e+00
-2.710000e-08 -0.000000e+00 0.000000e+00
-2.700000e-08 -0.000000e+00 0.000000e+00
-2.690000e-08 -0.000000e+00 0.000000e+00
-2.680000e-08 -0.000000e+00 0.000000e+00
-2.670000e-08 -0.000000e+00 0.000000e+00
-2.660000e-08 -0.000000e+00 0.000000e+00
-2.650000e-08 -0.000000e+00 0.000000e+00
-2.640000e-08 -0.000000e+00 0.000000e+00
-2.630000e-08 -0.000000e+00 0.000000e+00
-2.620000e-08 -0.000000e+00 0.000000e+00
-2.610000e-08 -0.000000e+00 0.000000e+00
-2.600000e-08 -0.000000e+00 0.000000e+00
-2.590000e-08 -0.000000e+00 0.000000e+00
-2.580000e-08 -0.000000e+00 0.000000e+00
-2.570000e-08 -0.000000e+00 0.000000e+00
-2.560000e-08 -0.000000e+00 0.000000e+00
-2.550000e-08 -0.000000e+00 0.000000e+00
-2.540000e-08 -0.000000e+00 0.000000e+00
-2.530000e-08 -0.000000e+00 0.000000e+00
-2.520000e-08 -0.000000e+00 0.000000e+00
-2.510000e-08 -0.000000e+00 0.000000e+00
-2.500000e-08 -0.000000e+00 0.000000e+00
-2.490000e-08 -0.000000e+00 0.000000e+00
-2.480000e-08 -0.000000e+00 0.000000e+00
-2.470000e-08 -0.000000e+00 0.000000e+00
-2.460000e-08 -0.000000e+00 0.000000e+00
-2.450000e-08 -0.000000e+00 0.000000e+00
-2.440000e-08 -0.000000e+00 0.000000e+00
-2.430000e-08 -0.000000e+00 0.000000e+00
-2.420000e-08 -0.000000e+00 0.000000e+00
-2.410000e-08 -0.000000e+00 0.000000e+00
-2.400000e-08 -0.000000e+00 0.000000e+00
-2.390000e-08 -0.000000e+00 0.000000e+00
-2.380000e-08 -0.000000e+00 0.000000e+00
-2.370000e-08 -0.000000e+00 0.000000e+00
-2.360000e-08 -0.000000e+00 0.000000e+00
-2.350000e-08 -0.000000e+00 0.000000e+00
-2.340000e-08 -0.000000e+00 0.000000e+00
-2.330000e-08 -0.000000e+00 0.000000e+00
-2.320000e-08 -0.000000e+00 0.000000e+00
-2.310000e-08 -0.000000e+00 0.000000e+00
-2.300000e-08 -0.000000e+00 0.000000e+00
-2.290000e-08 -0.000000e+00 0.000000e+00
-2.280000e-08 -0.000000e+00 0.000000e+00
-2.270000e-08 -0.000000e+00 0.000000e+00
-2.260000e-08 -0.000000e+00 0.000000e+00
-2.250000e-08 -0.000000e+00 0.000000e+00
-2.240000e-08 -0.000000e+00 0.000000e+00
-2.230000e-08 -0.000000e+00 0.000000e+00
-2.220000e-08 -0.000000e+00 0.000000e+00
-2.210000e-08 -0.000000e+00 0.000000e+00
-2.200000e-08 -0.000000e+00 0.000000e+00
-2.190000e-08 -0.000000e+00 0.000000e+00
-2.180000e-08 -0.000000e+00 0.000000e+00
-2.170000e-08 -0.000000e+00 0.000000e+00
-2.160000e-08 -0.000000e+00 0.000000e+00
-2.150000e-08 -0.000000e+00 0.000000e+00
-2.140000e-08 -0.000000e+00 0.000000e+00
-2.130000e-08 -0.000000e+00 0.000000e+00
-2.120000e-08 -0.000000e+00 0.000000e+00
-2.110000e-08 -0.000000e+00 0.000000e+00
-2.100000e-08 -0.000000e+00 0.000000e+00
-2.090000e-08 -0.000000e+00 0.000000e+00
-2.080000e-08 -0.000000e+00 0.000000e+00
-2.070000e-08 -0.000000e+00 0.000000e+00
-2.060000e-08 -0.000000e+00 0.000000e+00
-2.050000e-08 -0.000000e+00 0.000000e+00
-2.040000e-08 -0.000000e+00 0.000000e+00
-2.030000e-08 -0.000000e+00 0.000000e+00
-2.020000e-08 -0.000000e+00 0.000000e+00
-2.010000e-08 -0.000000e+00 0.000000e+00
-2.000000e-08 -0.000000e+00 0.000000e+00
-1.990000e-08 -0.000000e+00 0.000000e+00
-1.980000e-08 -0.000000e+00 0.000000e+00
-1.970000e-08 -0.000000e+00 0.000000e+00
-1.960000e-08 -0.000000e+00 0.000000e+00
-1.950000e-08 -0.000000e+00 0.000000e+00
-1.940000e-08 -0.000000e+00 0.000000e+00
-1.930000e-08 -0.000000e+00 0.000000e+00
-1.920000e-08 -0.000000e+00 0.000000e+00
-1.910000e-08 -0.000000e+00 0.000000e+00
-1.900000e-08 -0.000000e+00 0.000000e+00
-1.890000e-08 -0.000000e+00 0.000000e+00
-1.880000e-08 -0.000000e+00 0.000000e+00
-1.870000e-08 -0.000000e+00 0.000000e+00
-1.860000e-08 -0.000000e+00 0.000000e+00
-1.850000e-08 -0.000000e+00 0.000000e+00
-1.840000e-08 -0.000000e+00 0.000000e+00
-1.830000e-08 -0.000000e+00 0.000000e+00
-1.820000e-08 -0.000000e+00 0.000000e+00
-1.810000e-08 -0.000000e+00 0.000000e+00
-1.800000e-08 -0.000000e+00 0.000000e+00
-1.790000e-08 -0.000000e+00 0.000000e+00
-1.780000e-08 -0.000000e+00 0.000000e+00
-1.770000e-08 -0.000000e+00 0.000000e+00
-1.760000e-08 -0.000000e+00 0.000000e+00
-1.750000e-08 -0.000000e+00 0.000000e+00
-1.740000e-08 -0.000000e+00 0.000000e+00
-1.730000e-08 -0.000000e+00 0.000000e+00
-1.720000e-08 -0.000000e+00 0.000000e+00
-1.710000e-08 -0.000000e+00 0.000000e+00
-1.700000e-08 -0.000000e+00 0.000000e+00
-1.690000e-08 -0.000000e+00 0.000000e+00
-1.680000e-08 -0.000000e+00 0.000000e+00
-1.670000e-08 -0.000000e+00 0.000000e+00
-1.660000e-08 -0.000000e+00 0.000000e+00
-1.650000e-08 -0.000000e+00 0.000000e+00
-1.640000e-08 -0.000000e+00 0.000000e+00
-1.630000e-08 -0.000000e+00 0.000000e+00
-1.620000e-08 -0.000000e+00 0.000000e+00
-1.610000e-08 -0.000000e+00 0.000000e+00
-1.600000e-08 -0.000000e+00 0.000000e+00
-1.590000e-08 -0.000000e+00 0.000000e+00
-1.580000e-08 -0.000000e+00 0.000000e+00
-1.570000e-08 -0.000000e+00 0.000000e+00
-1.560000e-08 -0.000000e+00 0.000000e+00
-1.550000e-08 -0.000000e+00 0.000000e+00
-1.540000e-08 -0.000000e+00 0.000000e+00
-1.530000e-08 -0.000000e+00 0.000000e+00
-1.520000e-08 -0.000000e+00 0.000000e+00
-1.510000e-08 -0.000000e+00 0.000000e+00
-1.500000e-08 -0.000000e+00 0.000000e+00
-1.490000e-08 -0.000000e+00 0.000000e+00
-1.480000e-08 -0.000000e+00 0.000000e+00
-1.470000e-08 -0.000000e+00 0.000000e+00
-1.460000e-08 -0.000000e+00 0.000000e+00
-1.450000e-08 -0.000000e+00 0.000000e+00
-1.440000e-08 -0.000000e+00 0.000000e+00
-1.430000e-08 -0.000000e+00 0.000000e+00
-1.420000e-08 -0.000000e+00 0.000000e+00
-1.410000e-08 -0.000000e+00 0.000000e+00
-1.400000e-08 -0.000000e+00 0.000000e+00
-1.390000e-08 -0.000000e+00 0.000000e+00
-1.380000e-08 -0.000000e+00 0.000000e+00
-1.370000e-08 -0.000000e+00 0.000000e+00
-1.360000e-08 -0.000000e+00 0.000000e+00
-1.350000e-08 -0.000000e+00 0.000000e+00
-1.340000e-08 -0.000000e+00 0.000000e+00
-1.330000e-08 -0.000000e+00 0.000000e+00
-1.320000e-08 -0.000000e+00 0.000000e+00
-1.310000e-08 -0.000000e+00 0.000000e+00
-1.300000e-08 -0.000000e+00 0.000000e+00
-1.290000e-08 -0.000000e+00 0.000000e+00
-1.280000e-08 -0.000000e+00 0.000000e+00
-1.270000e-08 -0.000000e+00 0.000000e+00
-1.260000e-08 -0.000000e+00 0.000000e+00
-1.250000e-08 -0.000000e+00 0.000000e+00
-1.240000e-08 -0.000000e+00 0.000000e+00
-1.230000e-08 -0.000000e+00 0.000000e+00
-1.220000e-08 -0.000000e+00 0.000000e+00
-1.210000e-08 -0.000000e+00 0.000000e+00
-1.200000e-08 -0.000000e+00 0.000000e+00
-1.190000e-08 -0.000000e+00 0.000000e+00
-1.180000e-08 -0.000000e+00 0.000000e+00
-1.170000e-08 -0.000000e+00 0.000000e+00
-1.160000e-08 -0.000000e+00 0.000000e+00
-1.150000e-08 -0.000000e+00 0.000000e+00
-1.140000e-08 -0.000000e+00 0.000000e+00
-1.130000e-08 -0.000000e+00 0.000000e+00
-1.120000e-08 -0.000000e+00 0.000000e+00
-1.110000e-08 -0.000000e+00 0.000000e+00
-1.100000e-08 -0.000000e+00 0.000000e+00
-1.090000e-08 -0.000000e+00 0.000000e+00
-1.080000e-08 -0.000000e+00 0.000000e+00
-1.070000e-08 -0.000000e+00 0.000000e+00
-1.060000e-08 -0.000000e+00 0.000000e+00
-1.050000e-08 -0.000000e+00 0.000000e+00
-1.040000e-08 -0.000000e+00 0.000000e+00
-1.030000e-08 -0.000000e+00 0.000000e+00
-1.020000e-08 -0.000000e+00 0.000000e+00
-1.010000e-08 -0.000000e+00 0.000000e+00
-1.000000e-08 -0.000000e+00 0.000000e+00
-9.900000e-09 -0.000000e+00 0.000000e+00
-9.800000e-09 -0.000000e+00 0.000000e+00
-9.700000e-09 -0.000000e+00 0.000000e+00
-9.600000e-09 -0.000000e+00 0.000000e+00
-9.500000e-09 -0.000000e+00 0.000000e+00
-9.400000e-09 -0.000000e+00 0.000000e+00
-9.300000e-09 -0.000000e+00 0.000000e+00
-9.200000e-09 -0.000000e+00 0.000000e+00
-9.100000e-09 -0.000000e+00 0.000000e+00
-9.000000e-09 -0.000000e+00 0.000000e+00
-8.900000e-09 -0.000000e+00 0.000000e+00
-8.800000e-09 -0.000000e+00 0.000000e+00
-8.700000e-09 -0.000000e+00 0.000000e+00
-8.600000e-09 -0.000000e+00 0.000000e+00
-8.500000e-09 -0.000000e+00 0.000000e+00
-8.400000e-09 -0.000000e+00 0.000000e+00
-8.300000e-09 -0.000000e+00 0.000000e+00
-8.200000e-09 -0.000000e+00 0.000000e+00
-8.100000e-09 -0.000000e+00 0.000000e+00
-8.000000e-09 -0.000000e+00 0.000000e+00
-7.900000e-09 -0.000000e+00 0.000000e+00
-7.800000e-09 -0.000000e+00 0.000000e+00
-7.700000e-09 -0.000000e+00 0.000000e+00
-7.600000e-09 -0.000000e+00 0.000000e+00
-7.500000e-09 -0.000000e+00 0.000000e+00
-7.400000e-09 -0.000000e+00 0.000000e+00
-7.300000e-09 -0.000000e+00 0.000000e+00
-7.200000e-09 -0.000000e+00 0.000000e+00
-7.100000e-09 -0.000000e+00 0.000000e+00
-7.000000e-09 -0.000000e+00 0.000000e+00
-6.900000e-09 -0.000000e+00 0.000000e+00
-6.800000e-09 -0.000000e+00 0.000000e+00
-6.700000e-09 -0.000000e+00 0.000000e+00
-6.600000e-09 -0.000000e+00 0.000000e+00
-6.500000e-09 -0.000000e+00 0.000000e+00
-6.400000e-09 -0.000000e+00 0.000000e+00
-6.300000e-09 -0.000000e+00 0.000000e+00
-6.200000e-09 -0.000000e+00 0.000000e+00
-6.100000e-09 -0.000000e+00 0.000000e+00
-6.000000e-09 -0.000000e+00 0.000000e+00
-5.900000e-09 -0.000000e+00 0.000000e+00
-5.800000e-09 -0.000000e+00 0.000000e+00
-5.700000e-09 -0.000000e+00 0.000000e+00
-5.600000e-09 -0.000000e+00 0.000000e+00
-5.500000e-09 -0.000000e+00 0.000000e+00
-5.400000e-09 -0.000000e+00 0.000000e+00
-5.300000e-09 -0.000000e+00 0.000000e+00
-5.200000e-09 -0.000000e+00 0.000000e+00
-5.100000e-09 -0.000000e+00 0.000000e+00
-5.000000e-09 -0.000000e+00 0.000000e+00
-4.900000e-09 -0.000000e+00 0.000000e+00
-4.800000e-09 -0.000000e+00 0.000000e+00
-4.700000e-09 -0.000000e+00 0.000000e+00
-4.600000e-09 -0.000000e+00 0.000000e+00
-4.500000e-09 -0.000000e+00 0.000000e+00
-4.400000e-09 -0.000000e+00 0.000000e+00
-4.300000e-09 -0.000000e+00 0.000000e+00
-4.200000e-09 -0.000000e+00 0.000000e+00
-4.100000e-09 -0.000000e+00 0.000000e+00
-4.000000e-09 -0.000000e+00 0.000000e+00
-3.900000e-09 -0.000000e+00 0.000000e+00
-3.800000e-09 -0.000000e+00 0.000000e+00
-3.700000e-09 -0.000000e+00 0.000000e+00
-3.600000e-09 -0.000000e+00 0.000000e+00
-3.500000e-09 -0.000000e+00 0.000000e+00
-3.400000e-09 -0.000000e+00 0.000000e+00
-3.300000e-09 -0.000000e+00 0.000000e+00
-3.200000e-09 -0.000000e+00 0.000000e+00
-3.100000e-09 -0.000000e+00 0.000000e+00
-3.000000e-09 -0.000000e+00 0.000000e+00
-2.900000e-09 -0.000000e+00 0.000000e+00
-2.800000e-09 -0.000000e+00 0.000000e+00
-2.700000e-09 -0.000000e+00 0.000000e+00
-2.600000e-09 -0.000000e+00 0.000000e+00
-2.500000e-09 -0.000000e+00 0.000000e+00
-2.400000e-09 -0.000000e+00 0.000000e+00
-2.300000e-09 -0.000000e+00 0.000000e+00
-2.200000e-09 -0.000000e+00 0.000000e+00
-2.100000e-09 -0.000000e+00 0.000000e+00
-2.000000e-09 -0.000000e+00 0.000000e+00
-1.900000e-09 -0.000000e+00 0.000000e+00
-1.800000e-09 -0.000000e+00 0.000000e+00
-1.700000e-09 -0.000000e+00 0.000000e+00
-1.600000e-09 -0.000000e+00 0.000000e+00
-1.500000e-09 -0.000000e+00 0.000000e+00
-1.400000e-09 -0.000000e+00 0.000000e+00
-1.300000e-09 -0.000000e+00 0.000000e+00
-1.200000e-09 -0.000000e+00 0.000000e+00
-1.100000e-09 -0.000000e+00 0.000000e+00
-1.000000e-09 1.183173e-02 9.254052e-02
-9.000000e-10 -1.022652e-01 2.169908e-01
-8.000000e-10 -2.787379e-01 3.598822e-01
-7.000000e-10 -4.566762e-01 4.744852e-01
-6.000000e-10 -5.493478e-01 5.040157e-01
-5.000000e-10 -4.851098e-01 4.048903e-01
-4.000000e-10 -2.471876e-01 1.711899e-01
-3.000000e-10 1.103103e-01 -1.535224e-01
-2.000000e-10 4.813045e-01 -4.856762e-01
-1.000000e-10 7.532763e-01 -7.314831e-01
0.000000e+00 8.562851e-01 -8.248831e-01
1.000000e-10 7.897745e-01 -7.555980e-01
2.000000e-10 6.147334e-01 -5.714552e-01
3.000000e-10 4.173120e-01 -3.549193e-01
4.000000e-10 2.654657e-01 -1.829881e-01
5.000000e-10 1.820187e-01 -9.321403e-02
6.000000e-10 1.451463e-01 -7.144672e-02
7.000000e-10 1.122083e-01 -6.692364e-02
8.000000e-10 4.993908e-02 -2.591792e-02
9.000000e-10 -4.752683e-02 7.607780e-02
1.000000e-09 -1.597611e-01 2.212405e-01
1.100000e-09 -2.566454e-01 3.612565e-01
1.200000e-09 -3.169477e-01 4.454549e-01
1.300000e-09 -3.379289e-01 4.495613e-01
1.400000e-09 -3.320042e-01 3.870471e-01
1.500000e-09 -3.160369e-01 2.995679e-01
1.600000e-09 -3.007909e-01 2.321842e-01
1.700000e-09 -2.880443e-01 2.092540e-01
1.800000e-09 -2.741730e-01 2.243421e-01
1.900000e-09 -2.558015e-01 2.486449e-01
2.000000e-09 -2.329262e-01 2.508989e-01
2.100000e-09 -2.071173e-01 2.163443e-01
2.200000e-09 -1.783605e-01 1.534256e-01
2.300000e-09 -1.437611e-01 8.589286e-02
2.400000e-09 -1.000182e-01 3.693324e-02
2.500000e-09 -4.747668e-02 1.522410e-02
2.600000e-09 7.586966e-03 1.176296e-02
2.700000e-09 5.557715e-02 7.761070e-03
2.800000e-09 8.899811e-02 -1.229447e-02
2.900000e-09 1.076517e-01 -5.134943e-02
3.000000e-09 1.188427e-01 -9.913361e-02
3.100000e-09 1.326543e-01 -1.400893e-01
3.200000e-09 1.550985e-01 -1.633454e-01
3.300000e-09 1.840845e-01 -1.687223e-01
3.400000e-09 2.108730e-01 -1.650693e-01
3.500000e-09 2.262266e-01 -1.631357e-01
3.600000e-09 2.266683e-01 -1.681934e-01
3.700000e-09 2.164119e-01 -1.772707e-01
3.800000e-09 2.040982e-01 -1.821913e-01
3.900000e-09 1.962735e-01 -1.758437e-01
4.000000e-09 1.930967e-01 -1.571039e-01
4.100000e-09 1.885350e-01 -1.313408e-01
4.200000e-09 1.754384e-01 -1.066078e-01
4.300000e-09 1.510580e-01 -8.843406e-02
4.400000e-09 1.195237e-01 -7.695089e-02
4.500000e-09 8.922732e-02 -6.780113e-02
4.600000e-09 6.725427e-02 -5.590320e-02
4.700000e-09 5.478043e-02 -3.905538e-02
4.800000e-09 4.668090e-02 -1.905295e-02
4.900000e-09 3.542791e-02 3.312792e-04
5.000000e-09 1.615974e-02 1.648977e-02
5.100000e-09 -1.030536e-02 3.002338e-02
5.200000e-09 -3.875897e-02 4.413561e-02
5.300000e-09 -6.353274e-02 6.202791e-02
5.400000e-09 -8.227471e-02 8.431863e-02
5.500000e-09 -9.670239e-02 1.082702e-01
5.600000e-09 -1.102909e-01 1.293736e-01
5.700000e-09 -1.247944e-01 1.440223e-01
5.800000e-09 -1.384550e-01 1.513669e-01
5.900000e-09 -1.472212e-01 1.531711e-01
6.000000e-09 -1.478925e-01 1.520387e-01
6.100000e-09 -1.407166e-01 1.494388e-01
6.200000e-09 -1.293674e-01 1.450032e-01
6.300000e-09 -1.185027e-01 1.375643e-01
6.400000e-09 -1.105764e-01 1.268402e-01
6.500000e-09 -1.045322e-01 1.144417e-01
6.600000e-09 -9.705361e-02 1.031354e-01
6.700000e-09 -8.550480e-02 9.501540e-02
6.800000e-09 -7.015284e-02 8.980539e-02
6.900000e-09 -5.403880e-02 8.480792e-02
7.000000e-09 -4.072965e-02 7.650341e-02
7.100000e-09 -3.150529e-02 6.300986e-02
7.200000e-09 -2.439532e-02 4.539550e-02
7.300000e-09 -1.550081e-02 2.709986e-02
7.400000e-09 -1.899257e-03 1.165806e-02
7.500000e-09 1.635172e-02 3.665797e-04
7.600000e-09 3.617352e-02 -8.500092e-03
7.700000e-09 5.371767e-02 -1.837982e-02
7.800000e-09 6.682844e-02 -3.178322e-02
7.900000e-09 7.616877e-02 -4.832245e-02
8.000000e-09 8.418319e-02 -6.458381e-02
8.100000e-09 9.279776e-02 -7.624784e-02
8.200000e-09 1.017589e-01 -8.071896e-02
8.300000e-09 1.086898e-01 -7.887712e-02
8.400000e-09 1.109776e-01 -7.442182e-02
8.500000e-09 1.078015e-01 -7.152493e-02
8.600000e-09 1.009222e-01 -7.215078e-02
8.700000e-09 9.348100e-02 -7.497028e-02
8.800000e-09 8.793437e-02 -7.638404e-02
8.900000e-09 8.443555e-02 -7.304125e-02
9.000000e-09 8.103933e-02 -6.406208e-02
9.100000e-09 7.533925e-02 -5.158620e-02
9.200000e-09 6.632754e-02 -3.931851e-02
9.300000e-09 5.511790e-02 -3.011609e-02
9.400000e-09 4.405650e-02 -2.429040e-02
9.500000e-09 3.494650e-02 -1.962025e-02
9.600000e-09 2.778765e-02 -1.303351e-02
9.700000e-09 2.089789e-02 -2.691709e-03
9.800000e-09 1.231041e-02 1.081097e-02
9.900000e-09 1.223616e-03 2.497588e-02
1.000000e-08 -1.144081e-02 3.700955e-02
1.010000e-08 -2.382898e-02 4.556079e-02
1.020000e-08 -3.447263e-02 5.125378e-02
1.030000e-08 -4.316373e-02 5.600371e-02
1.040000e-08 -5.066563e-02 6.151411e-02
1.050000e-08 -5.770686e-02 6.820040e-02
1.060000e-08 -6.411032e-02 7.508616e-02
1.070000e-08 -6.879536e-02 8.070916e-02
1.080000e-08 -7.077832e-02 8.418267e-02
1.090000e-08 -7.013489e-02 8.570468e-02
1.100000e-08 -6.828805e-02 8.621565e-02
1.110000e-08 -6.701595e-02 8.653391e-02
1.120000e-08 -6.718709e-02 8.675326e-02
1.130000e-08 -6.794271e-02 8.624134e-02
1.140000e-08 -6.731167e-02 8.434451e-02
1.150000e-08 -6.370931e-02 8.100838e-02
1.160000e-08 -5.732053e-02 7.698075e-02
1.170000e-08 -5.022792e-02 7.323776e-02
1.180000e-08 -4.509855e-02 7.025924e-02
1.190000e-08 -4.335129e-02 6.757435e-02
1.200000e-08 -4.401526e-02 6.412691e-02
1.210000e-08 -4.432658e-02 5.910086e-02
1.220000e-08 -4.153530e-02 5.269002e-02
1.230000e-08 -3.489562e-02 4.614511e-02
1.240000e-08 -2.621889e-02 4.101527e-02
1.250000e-08 -1.877673e-02 3.812027e-02
1.260000e-08 -1.512606e-02 3.690415e-02
1.270000e-08 -1.548028e-02 3.579687e-02
1.280000e-08 -1.766900e-02 3.324755e-02
1.290000e-08 -1.870320e-02 2.889598e-02
1.300000e-08 -1.681459e-02 2.388528e-02
1.310000e-08 -1.257631e-02 2.022140e-02
1.320000e-08 -8.402145e-03 1.943592e-02
1.330000e-08 -6.790826e-03 2.156028e-02
1.340000e-08 -8.666887e-03 2.501687e-02
1.350000e-08 -1.282662e-02 2.761935e-02
1.360000e-08 -1.694563e-02 2.798136e-02
1.370000e-08 -1.918486e-02 2.640093e-02
1.380000e-08 -1.938987e-02 2.469647e-02
1.390000e-08 -1.897939e-02 2.498279e-02
1.400000e-08 -1.979086e-02 2.832491e-02
1.410000e-08 -2.272792e-02 3.401051e-02
1.420000e-08 -2.720001e-02 4.002215e-02
1.430000e-08 -3.164038e-02 4.430570e-02
1.440000e-08 -3.462469e-02 4.603106e-02
1.450000e-08 -3.578846e-02 4.602661e-02
1.460000e-08 -3.585649e-02 4.615345e-02
1.470000e-08 -3.598839e-02 4.805354e-02
1.480000e-08 -3.687374e-02 5.209127e-02
1.490000e-08 -3.840495e-02 5.718761e-02
1.500000e-08 -3.997301e-02 6.153691e-02
1.510000e-08 -4.113952e-02 6.376317e-02
1.520000e-08 -4.201481e-02 6.368676e-02
1.530000e-08 -4.307964e-02 6.228119e-02
1.540000e-08 -4.462303e-02 6.092690e-02
1.550000e-08 -4.630719e-02 6.045603e-02
1.560000e-08 -4.727486e-02 6.067693e-02
1.570000e-08 -4.671446e-02 6.060166e-02
1.580000e-08 -4.449032e-02 5.915180e-02
1.590000e-08 -4.125200e-02 5.589221e-02
1.600000e-08 -3.797991e-02 5.122838e-02
1.610000e-08 -3.521604e-02 4.610981e-02
1.620000e-08 -3.262658e-02 4.136754e-02
1.630000e-08 -2.925191e-02 3.727155e-02
1.640000e-08 -2.428660e-02 3.344528e-02
1.650000e-08 -1.781146e-02 2.925042e-02
1.660000e-08 -1.089095e-02 2.419960e-02
1.670000e-08 -4.924678e-03 1.824356e-02
1.680000e-08 -6.944920e-04 1.170642e-02
1.690000e-08 2.234007e-03 5.010947e-03
1.700000e-08 5.262845e-03 -1.502141e-03
1.710000e-08 9.854782e-03 -7.680307e-03
1.720000e-08 1.652243e-02 -1.338069e-02
1.730000e-08 2.443943e-02 -1.844825e-02
1.740000e-08 3.192495e-02 -2.269111e-02
1.750000e-08 3.747618e-02 -2.611592e-02
1.760000e-08 4.066782e-02 -2.898639e-02
1.770000e-08 4.229565e-02 -3.183158e-02
1.780000e-08 4.377790e-02 -3.509024e-02
1.790000e-08 4.616996e-02 -3.881955e-02
1.800000e-08 4.956521e-02 -4.254268e-02
1.810000e-08 5.311855e-02 -4.544860e-02
1.820000e-08 5.572908e-02 -4.688340e-02
1.830000e-08 5.675171e-02 -4.671833e-02
1.840000e-08 5.636449e-02 -4.550811e-02
1.850000e-08 5.534225e-02 -4.409049e-02
1.860000e-08 5.445368e-02 -4.313107e-02
1.870000e-08 5.398913e-02 -4.261561e-02
1.880000e-08 5.364249e-02 -4.195698e-02
1.890000e-08 5.283545e-02 -4.033955e-02
1.900000e-08 5.114353e-02 -3.737195e-02
1.910000e-08 4.856247e-02 -3.337760e-02
1.920000e-08 4.539668e-02 -2.927503e-02
1.930000e-08 4.201494e-02 -2.601225e-02
1.940000e-08 3.858139e-02 -2.395726e-02
1.950000e-08 3.504698e-02 -2.267050e-02
1.960000e-08 3.127938e-02 -2.110840e-02
1.970000e-08 2.726309e-02 -1.832346e-02
1.980000e-08 2.314609e-02 -1.397874e-02
1.990000e-08 1.914993e-02 -8.642455e-03
2.000000e-08 1.540147e-02 -3.392332e-03
2.010000e-08 1.188867e-02 7.318860e-04
2.020000e-08 8.528395e-03 3.337577e-03
2.030000e-08 5.314417e-03 4.745805e-03
2.040000e-08 2.395734e-03 5.749269e-03
2.050000e-08 -3.359510e-05 7.018569e-03
2.060000e-08 -1.894647e-03 8.736022e-03
2.070000e-08 -3.363346e-03 1.055700e-02
2.080000e-08 -4.802258e-03 1.190930e-02
2.090000e-08 -6.574142e-03 1.245760e-02
2.100000e-08 -8.762999e-03 1.231332e-02
2.110000e-08 -1.108532e-02 1.200233e-02
2.120000e-08 -1.296508e-02 1.205122e-02
2.130000e-08 -1.382822e-02 1.269136e-02
2.140000e-08 -1.336570e-02 1.361947e-02
2.150000e-08 -1.170064e-02 1.423986e-02
2.160000e-08 -9.303874e-03 1.393007e-02
2.170000e-08 -6.791532e-03 1.242804e-02
2.180000e-08 -4.682882e-03 9.921116e-03
2.190000e-08 -3.216323e-03 6.938350e-03
2.200000e-08 -2.309799e-03 4.077893e-03
2.210000e-08 -1.600286e-03 1.744481e-03
2.220000e-08 -6.155470e-04 7.565936e-05
2.230000e-08 1.043808e-03 -1.061061e-03
2.240000e-08 3.504892e-03 -1.871959e-03
2.250000e-08 6.556343e-03 -2.596332e-03
2.260000e-08 9.690010e-03 -3.408160e-03
2.270000e-08 1.234451e-02 -4.468761e-03
2.280000e-08 1.416691e-02 -5.896550e-03
2.290000e-08 1.520741e-02 -7.751675e-03
2.300000e-08 1.588600e-02 -9.969974e-03
2.310000e-08 1.670507e-02 -1.233516e-02
2.320000e-08 1.792435e-02 -1.453100e-02
2.330000e-08 1.935854e-02 -1.622318e-02
2.340000e-08 2.049432e-02 -1.721549e-02
2.350000e-08 2.085661e-02 -1.747062e-02
2.360000e-08 2.037620e-02 -1.714300e-02
2.370000e-08 1.949393e-02 -1.646334e-02
2.380000e-08 1.890981e-02 -1.567401e-02
2.390000e-08 1.909890e-02 -1.495194e-02
2.400000e-08 1.994205e-02 -1.441319e-02
2.410000e-08 2.074015e-02 -1.411538e-02
2.420000e-08 2.063457e-02 -1.407343e-02
2.430000e-08 1.919700e-02 -1.424353e-02
2.440000e-08 1.676429e-02 -1.450149e-02
2.450000e-08 1.428977e-02 -1.466683e-02
2.460000e-08 1.278012e-02 -1.454498e-02
2.470000e-08 1.265831e-02 -1.402062e-02
2.480000e-08 1.351077e-02 -1.310864e-02
2.490000e-08 1.435896e-02 -1.197117e-02
2.500000e-08 1.427381e-02 -1.085360e-02
2.510000e-08 1.295944e-02 -9.974203e-03
2.520000e-08 1.089872e-02 -9.452076e-03
2.530000e-08 9.000631e-03 -9.261878e-03
2.540000e-08 7.991881e-03 -9.267481e-03
2.550000e-08 7.975311e-03 -9.287581e-03
2.560000e-08 8.419803e-03 -9.156525e-03
2.570000e-08 8.577712e-03 -8.774743e-03
2.580000e-08 7.980209e-03 -8.104191e-03
2.590000e-08 6.702974e-03 -7.187757e-03
2.600000e-08 5.238040e-03 -6.101646e-03
2.610000e-08 4.095279e-03 -4.974956e-03
2.620000e-08 3.483879e-03 -3.915945e-03
2.630000e-08 3.221416e-03 -3.023389e-03
2.640000e-08 2.960610e-03 -2.317928e-03
2.650000e-08 2.489761e-03 -1.768562e-03
2.660000e-08 1.874439e-03 -1.310392e-03
2.670000e-08 1.342038e-03 -8.849190e-04
2.680000e-08 1.050080e-03 -4.897095e-04
2.690000e-08 9.106437e-04 -1.504788e-04
2.700000e-08 6.637461e-04 8.507278e-05
2.710000e-08 1.047690e-04 2.429681e-04
2.720000e-08 -7.162564e-04 3.774588e-04
2.730000e-08 -1.507835e-03 5.950183e-04
2.740000e-08 -1.966569e-03 9.233074e-04
2.750000e-08 -2.042327e-03 1.321402e-03
2.760000e-08 -2.014655e-03 1.647236e-03
2.770000e-08 -2.290994e-03 1.769696e-03
2.780000e-08 -3.080905e-03 1.649099e-03
2.790000e-08 -4.152974e-03 1.381643e-03
2.800000e-08 -4.972924e-03 1.159168e-03
2.810000e-08 -5.019639e-03 1.105131e-03
2.820000e-08 -4.228684e-03 1.202985e-03
2.830000e-08 -3.049185e-03 1.212779e-03
2.840000e-08 -2.205544e-03 8.573422e-04
2.850000e-08 -2.158304e-03 -5.898415e-05
2.860000e-08 -2.788907e-03 -1.426846e-03
2.870000e-08 -3.421888e-03 -2.889139e-03
2.880000e-08 -3.263744e-03 -3.960478e-03
2.890000e-08 -1.949391e-03 -4.343282e-03
2.900000e-08 2.236217e-04 -4.098105e-03
2.910000e-08 2.466163e-03 -3.671190e-03
2.920000e-08 4.069495e-03 -3.692700e-03
2.930000e-08 4.828128e-03 -4.623803e-03
2.940000e-08 5.193374e-03 -6.537300e-03
2.950000e-08 5.845337e-03 -9.021467e-03
2.960000e-08 7.194310e-03 -1.141081e-02
2.970000e-08 8.999209e-03 -1.307289e-02
2.980000e-08 1.053717e-02 -1.374123e-02
2.990000e-08 1.107282e-02 -1.355099e-02
3.000000e-08 1.041976e-02 -1.296713e-02
3.010000e-08 9.080426e-03 -1.246973e-02
3.020000e-08 7.953398e-03 -1.233548e-02
3.030000e-08 7.724530e-03 -1.254354e-02
3.040000e-08 8.417033e-03 -1.283418e-02
3.050000e-08 9.397722e-03 -1.291495e-02
3.060000e-08 9.795250e-03 -1.261663e-02
3.070000e-08 9.101193e-03 -1.196253e-02
3.080000e-08 7.478931e-03 -1.110867e-02
3.090000e-08 5.624073e-03 -1.024555e-02
3.100000e-08 4.265026e-03 -9.476348e-03
3.110000e-08 3.709560e-03 -8.806525e-03
3.120000e-08 3.663086e-03 -8.188796e-03
3.130000e-08 3.528831e-03 -7.550505e-03
3.140000e-08 2.837433e-03 -6.887073e-03
3.150000e-08 1.573054e-03 -6.205727e-03
3.160000e-08 1.467605e-04 -5.541343e-03
3.170000e-08 -9.393692e-04 -4.923240e-03
3.180000e-08 -1.468701e-03 -4.371402e-03
3.190000e-08 -1.621228e-03 -3.911877e-03
3.200000e-08 -1.817818e-03 -3.570414e-03
3.210000e-08 -2.366294e-03 -3.359450e-03
3.220000e-08 -3.236235e-03 -3.226950e-03
3.230000e-08 -4.113597e-03 -3.101523e-03
3.240000e-08 -4.659238e-03 -2.859641e-03
3.250000e-08 -4.784651e-03 -2.457205e-03
3.260000e-08 -4.728276e-03 -1.925010e-03
3.270000e-08 -4.843521e-03 -1.403018e-03
3.280000e-08 -5.332356e-03 -1.062980e-03
3.290000e-08 -6.063320e-03 -1.012177e-03
3.300000e-08 -6.671011e-03 -1.233792e-03
3.310000e-08 -6.842060e-03 -1.575559e-03
3.320000e-08 -6.563593e-03 -1.851077e-03
3.330000e-08 -6.132775e-03 -1.919399e-03
3.340000e-08 -5.949248e-03 -1.803489e-03
3.350000e-08 -6.196663e-03 -1.628930e-03
3.360000e-08 -6.693115e-03 -1.586370e-03
3.370000e-08 -7.034148e-03 -1.786794e-03
3.380000e-08 -6.875279e-03 -2.207569e-03
3.390000e-08 -6.223535e-03 -2.713504e-03
3.400000e-08 -5.417469e-03 -3.135040e-03
3.410000e-08 -4.914231e-03 -3.394440e-03
3.420000e-08 -4.932246e-03 -3.520011e-03
3.430000e-08 -5.309614e-03 -3.657069e-03
3.440000e-08 -5.606697e-03 -3.928865e-03
3.450000e-08 -5.441723e-03 -4.398238e-03
3.460000e-08 -4.764189e-03 -4.980734e-03
3.470000e-08 -3.893617e-03 -5.542411e-03
3.480000e-08 -3.282966e-03 -5.948393e-03
3.490000e-08 -3.171066e-03 -6.162934e-03
3.500000e-08 -3.417785e-03 -6.268010e-03
3.510000e-08 -3.599241e-03 -6.396915e-03
3.520000e-08 -3.341431e-03 -6.681458e-03
3.530000e-08 -2.591269e-03 -7.138293e-03
3.540000e-08 -1.680145e-03 -7.713456e-03
3.550000e-08 -1.073960e-03 -8.249944e-03
3.560000e-08 -1.041207e-03 -8.645260e-03
3.570000e-08 -1.453448e-03 -8.821539e-03
3.580000e-08 -1.890271e-03 -8.831557e-03
3.590000e-08 -1.948632e-03 -8.749130e-03
3.600000e-08 -1.540198e-03 -8.688367e-03
3.610000e-08 -9.481844e-04 -8.713677e-03
3.620000e-08 -5.941956e-04 -8.835727e-03
3.630000e-08 -7.250395e-04 -9.023148e-03
3.640000e-08 -1.209011e-03 -9.201185e-03
3.650000e-08 -1.661692e-03 -9.328199e-03
3.660000e-08 -1.744391e-03 -9.343069e-03
3.670000e-08 -1.458438e-03 -9.267331e-03
3.680000e-08 -1.157019e-03 -9.097089e-03
3.690000e-08 -1.275131e-03 -8.896305e-03
3.700000e-08 -1.984282e-03 -8.674527e-03
3.710000e-08 -3.006634e-03 -8.466173e-03
3.720000e-08 -3.803217e-03 -8.247052e-03
3.730000e-08 -3.941302e-03 -8.004833e-03
3.740000e-08 -3.483843e-03 -7.716442e-03
3.750000e-08 -2.962880e-03 -7.381145e-03
3.760000e-08 -3.067912e-03 -7.031657e-03
3.770000e-08 -4.130005e-03 -6.694844e-03
3.780000e-08 -5.853753e-03 -6.407842e-03
3.790000e-08 -7.472881e-03 -6.145291e-03
3.800000e-08 -8.226962e-03 -5.884691e-03
3.810000e-08 -7.909631e-03 -5.566206e-03
3.820000e-08 -6.985330e-03 -5.185574e-03
3.830000e-08 -6.336449e-03 -4.753008e-03
3.840000e-08 -6.623136e-03 -4.338781e-03
3.850000e-08 -7.879805e-03 -3.992730e-03
3.860000e-08 -9.451058e-03 -3.743002e-03
3.870000e-08 -1.048296e-02 -3.558270e-03
3.880000e-08 -1.048632e-02 -3.382876e-03
3.890000e-08 -9.674961e-03 -3.170011e-03
3.900000e-08 -8.820572e-03 -2.924676e-03
3.910000e-08 -8.669829e-03 -2.701706e-03
3.920000e-08 -9.448834e-03 -2.580038e-03
3.930000e-08 -1.065681e-02 -2.607245e-03
3.940000e-08 -1.147857e-02 -2.763588e-03
3.950000e-08 -1.132117e-02 -2.973223e-03
3.960000e-08 -1.029936e-02 -3.140290e-03
3.970000e-08 -9.125619e-03 -3.222160e-03
3.980000e-08 -8.650036e-03 -3.239032e-03
3.990000e-08 -9.234356e-03 -3.286365e-03
4.000000e-08 -1.048480e-02 -3.447838e-03
4.010000e-08 -1.152037e-02 -3.783067e-03
4.020000e-08 -1.154896e-02 -4.249524e-03
4.030000e-08 -1.045664e-02 -4.767545e-03
4.040000e-08 -8.851650e-03 -5.230574e-03
4.050000e-08 -7.691501e-03 -5.583882e-03
4.060000e-08 -7.589000e-03 -5.815360e-03
4.070000e-08 -8.435156e-03 -5.957446e-03
4.080000e-08 -9.447040e-03 -6.047558e-03
4.090000e-08 -9.740430e-03 -6.110087e-03
4.100000e-08 -8.932541e-03 -6.175598e-03
4.110000e-08 -7.395483e-03 -6.270133e-03
4.120000e-08 -6.013117e-03 -6.462875e-03
4.130000e-08 -5.537588e-03 -6.792778e-03
4.140000e-08 -6.111523e-03 -7.261707e-03
4.150000e-08 -7.147324e-03 -7.775788e-03
4.160000e-08 -7.774877e-03 -8.191296e-03
4.170000e-08 -7.429186e-03 -8.356352e-03
4.180000e-08 -6.253449e-03 -8.239813e-03
4.190000e-08 -4.987582e-03 -7.943473e-03
4.200000e-08 -4.442127e-03 -7.697842e-03
4.210000e-08 -4.958352e-03 -7.732274e-03
4.220000e-08 -6.155997e-03 -8.131707e-03
4.230000e-08 -7.243555e-03 -8.777823e-03
4.240000e-08 -7.529976e-03 -9.368591e-03
4.250000e-08 -6.927852e-03 -9.598391e-03
4.260000e-08 -5.972115e-03 -9.301663e-03
4.270000e-08 -5.451077e-03 -8.593191e-03
4.280000e-08 -5.851976e-03 -7.774263e-03
4.290000e-08 -7.020058e-03 -7.226817e-03
4.300000e-08 -8.295478e-03 -7.145864e-03
4.310000e-08 -8.948762e-03 -7.477934e-03
4.320000e-08 -8.705522e-03 -7.922276e-03
4.330000e-08 -7.891620e-03 -8.125160e-03
4.340000e-08 -7.231905e-03 -7.875369e-03
4.350000e-08 -7.324540e-03 -7.215239e-03
4.360000e-08 -8.267107e-03 -6.424523e-03
4.370000e-08 -9.599471e-03 -5.810443e-03
4.380000e-08 -1.062286e-02 -5.573055e-03
4.390000e-08 -1.088459e-02 -5.637072e-03
4.400000e-08 -1.043213e-02 -5.781076e-03
4.410000e-08 -9.785598e-03 -5.725211e-03
4.420000e-08 -9.537577e-03 -5.370002e-03
4.430000e-08 -9.995428e-03 -4.808242e-03
4.440000e-08 -1.098082e-02 -4.296498e-03
4.450000e-08 -1.200202e-02 -4.054955e-03
4.460000e-08 -1.258035e-02 -4.138799e-03
4.470000e-08 -1.256140e-02 -4.399888e-03
4.480000e-08 -1.217450e-02 -4.570726e-03
4.490000e-08 -1.182154e-02 -4.469607e-03
4.500000e-08 -1.182845e-02 -4.086835e-03
4.510000e-08 -1.220526e-02 -3.637343e-03
4.520000e-08 -1.272329e-02 -3.386258e-03
4.530000e-08 -1.306214e-02 -3.521859e-03
4.540000e-08 -1.306965e-02 -3.993685e-03
4.550000e-08 -1.280335e-02 -4.567929e-03
4.560000e-08 -1.248435e-02 -4.944697e-03
4.570000e-08 -1.230075e-02 -4.956671e-03
4.580000e-08 -1.230041e-02 -4.662464e-03
4.590000e-08 -1.237974e-02 -4.315492e-03
4.600000e-08 -1.238147e-02 -4.221376e-03
4.610000e-08 -1.223466e-02 -4.542562e-03
4.620000e-08 -1.196131e-02 -5.220781e-03
4.630000e-08 -1.167486e-02 -6.000184e-03
4.640000e-08 -1.144808e-02 -6.591733e-03
4.650000e-08 -1.129004e-02 -6.819008e-03
4.660000e-08 -1.113481e-02 -6.721932e-03
4.670000e-08 -1.093845e-02 -6.504620e-03
4.680000e-08 -1.069998e-02 -6.410744e-03
4.690000e-08 -1.047413e-02 -6.582051e-03
4.700000e-08 -1.031201e-02 -6.989742e-03
4.710000e-08 -1.019773e-02 -7.476365e-03
4.720000e-08 -1.007604e-02 -7.855732e-03
4.730000e-08 -9.873878e-03 -8.024986e-03
4.740000e-08 -9.606101e-03 -8.008796e-03
4.750000e-08 -9.349821e-03 -7.918977e-03
4.760000e-08 -9.215114e-03 -7.873459e-03
4.770000e-08 -9.246417e-03 -7.930345e-03
4.780000e-08 -9.379028e-03 -8.058889e-03
4.790000e-08 -9.469432e-03 -8.186642e-03
4.800000e-08 -9.403108e-03 -8.256788e-03
4.810000e-08 -9.193107e-03 -8.258705e-03
4.820000e-08 -8.961192e-03 -8.219015e-03
4.830000e-08 -8.888819e-03 -8.183391e-03
4.840000e-08 -9.046269e-03 -8.148606e-03
4.850000e-08 -9.367781e-03 -8.099070e-03
4.860000e-08 -9.661530e-03 -7.991619e-03
4.870000e-08 -9.768678e-03 -7.825575e-03
4.880000e-08 -9.663285e-03 -7.630995e-03
4.890000e-08 -9.496418e-03 -7.462304e-03
4.900000e-08 -9.474848e-03 -7.346271e-03
4.910000e-08 -9.722941e-03 -7.266575e-03
4.920000e-08 -1.017581e-02 -7.163463e-03
4.930000e-08 -1.061115e-02 -6.970013e-03
4.940000e-08 -1.082226e-02 -6.685911e-03
4.950000e-08 -1.074342e-02 -6.346231e-03
4.960000e-08 -1.052995e-02 -6.055141e-03
4.970000e-08 -1.043327e-02 -5.868637e-03
4.980000e-08 -1.064408e-02 -5.801442e-03
4.990000e-08 -1.112436e-02 -5.777826e-03
5.000000e-08 -1.165670e-02 -5.719006e-03
5.010000e-08 -1.196389e-02 -5.556144e-03
5.020000e-08 -1.192544e-02 -5.315491e-03
5.030000e-08 -1.165356e-02 -5.069127e-03
5.040000e-08 -1.142143e-02 -4.902103e-03
5.050000e-08 -1.147990e-02 -4.840371e-03
5.060000e-08 -1.186271e-02 -4.826978e-03
5.070000e-08 -1.237375e-02 -4.774143e-03
5.080000e-08 -1.270841e-02 -4.610694e-03
5.090000e-08 -1.267806e-02 -4.363903e-03
5.100000e-08 -1.232399e-02 -4.130310e-03
5.110000e-08 -1.190867e-02 -4.056056e-03
5.120000e-08 -1.171245e-02 -4.201625e-03
5.130000e-08 -1.185147e-02 -4.542393e-03
5.140000e-08 -1.219432e-02 -4.926714e-03
5.150000e-08 -1.245727e-02 -5.205065e-03
5.160000e-08 -1.240545e-02 -5.275707e-03
5.170000e-08 -1.202042e-02 -5.182097e-03
5.180000e-08 -1.151060e-02 -5.044097e-03
5.190000e-08 -1.115738e-02 -5.017630e-03
5.200000e-08 -1.111971e-02 -5.177910e-03
5.210000e-08 -1.132339e-02 -5.491958e-03
5.220000e-08 -1.151864e-02 -5.851161e-03
5.230000e-08 -1.145887e-02 -6.133177e-03
5.240000e-08 -1.107505e-02 -6.303599e-03
5.250000e-08 -1.053192e-02 -6.387151e-03
5.260000e-08 -1.009721e-02 -6.481980e-03
5.270000e-08 -9.970425e-03 -6.635177e-03
5.280000e-08 -1.013340e-02 -6.861349e-03
5.290000e-08 -1.037920e-02 -7.081037e-03
5.300000e-08 -1.045224e-02 -7.240258e-03
5.310000e-08 -1.023200e-02 -7.316148e-03
5.320000e-08 -9.806906e-03 -7.370347e-03
5.330000e-08 -9.397484e-03 -7.487408e-03
5.340000e-08 -9.217464e-03 -7.719731e-03
5.350000e-08 -9.302412e-03 -8.036861e-03
5.360000e-08 -9.532938e-03 -8.322560e-03
5.370000e-08 -9.694815e-03 -8.464268e-03
5.380000e-08 -9.679236e-03 -8.392451e-03
5.390000e-08 -9.504096e-03 -8.175256e-03
5.400000e-08 -9.333558e-03 -7.939168e-03
5.410000e-08 -9.307875e-03 -7.845103e-03
5.420000e-08 -9.467918e-03 -7.944032e-03
5.430000e-08 -9.712590e-03 -8.191715e-03
5.440000e-08 -9.895834e-03 -8.431266e-03
5.450000e-08 -9.943649e-03 -8.522345e-03
5.460000e-08 -9.900785e-03 -8.381345e-03
5.470000e-08 -9.912963e-03 -8.055313e-03
5.480000e-08 -1.007786e-02 -7.672593e-03
5.490000e-08 -1.039937e-02 -7.365493e-03
5.500000e-08 -1.073453e-02 -7.219574e-03
5.510000e-08 -1.094002e-02 -7.211024e-03
5.520000e-08 -1.093751e-02 -7.274920e-03
5.530000e-08 -1.081666e-02 -7.302416e-03
5.540000e-08 -1.075034e-02 -7.246042e-03
5.550000e-08 -1.089531e-02 -7.080289e-03
5.560000e-08 -1.126492e-02 -6.845912e-03
5.570000e-08 -1.173351e-02 -6.567427e-03
5.580000e-08 -1.211594e-02 -6.288324e-03
5.590000e-08 -1.228814e-02 -6.022265e-03
5.600000e-08 -1.227715e-02 -5.800389e-03
5.610000e-08 -1.220766e-02 -5.644171e-03
5.620000e-08 -1.222935e-02 -5.561524e-03
5.630000e-08 -1.238266e-02 -5.538824e-03
5.640000e-08 -1.260674e-02 -5.521736e-03
5.650000e-08 -1.277750e-02 -5.458852e-03
5.660000e-08 -1.283005e-02 -5.306187e-03
5.670000e-08 -1.279734e-02 -5.082384e-03
5.680000e-08 -1.278726e-02 -4.837045e-03
5.690000e-08 -1.288087e-02 -4.659916e-03
5.700000e-08 -1.305354e-02 -4.589584e-03
5.710000e-08 -1.318884e-02 -4.637292e-03
5.720000e-08 -1.314512e-02 -4.738307e-03
5.730000e-08 -1.289307e-02 -4.833510e-03
5.740000e-08 -1.252875e-02 -4.870518e-03
5.750000e-08 -1.224845e-02 -4.854748e-03
5.760000e-08 -1.218781e-02 -4.823394e-03
5.770000e-08 -1.234036e-02 -4.825230e-03
5.780000e-08 -1.254331e-02 -4.883263e-03
5.790000e-08 -1.258444e-02 -4.980493e-03
5.800000e-08 -1.235271e-02 -5.092638e-03
5.810000e-08 -1.191448e-02 -5.189873e-03
5.820000e-08 -1.148316e-02 -5.278473e-03
5.830000e-08 -1.125891e-02 -5.363092e-03
5.840000e-08 -1.130875e-02 -5.467921e-03
5.850000e-08 -1.150155e-02 -5.578156e-03
5.860000e-08 -1.160814e-02 -5.679014e-03
5.870000e-08 -1.145015e-02 -5.748514e-03
5.880000e-08 -1.102714e-02 -5.792838e-03
5.890000e-08 -1.052052e-02 -5.840417e-03
5.900000e-08 -1.016707e-02 -5.921547e-03
5.910000e-08 -1.010844e-02 -6.038462e-03
5.920000e-08 -1.030088e-02 -6.161967e-03
5.930000e-08 -1.054037e-02 -6.237517e-03
5.940000e-08 -1.060788e-02 -6.235778e-03
5.950000e-08 -1.040319e-02 -6.171560e-03
5.960000e-08 -1.000443e-02 -6.101280e-03
5.970000e-08 -9.596562e-03 -6.096038e-03
5.980000e-08 -9.364394e-03 -6.180272e-03
5.990000e-08 -9.364716e-03 -6.313990e-03
6.000000e-08 -9.515605e-03 -6.407510e-03
6.010000e-08 -9.670855e-03 -6.397559e-03
6.020000e-08 -9.710167e-03 -6.268388e-03
6.030000e-08 -9.623943e-03 -6.105840e-03
6.040000e-08 -9.477432e-03 -6.000557e-03
6.050000e-08 -9.375803e-03 -6.020671e-03
6.060000e-08 -9.364966e-03 -6.128565e-03
6.070000e-08 -9.432643e-03 -6.211879e-03
6.080000e-08 -9.516307e-03 -6.157110e-03
6.090000e-08 -9.572035e-03 -5.929125e-03
6.100000e-08 -9.589496e-03 -5.617340e-03
6.110000e-08 -9.592250e-03 -5.366708e-03
6.120000e-08 -9.621171e-03 -5.315058e-03
6.130000e-08 -9.678787e-03 -5.439103e-03
6.140000e-08 -9.763911e-03 -5.617945e-03
6.150000e-08 -9.857018e-03 -5.641156e-03
6.160000e-08 -9.961354e-03 -5.404152e-03
6.170000e-08 -1.006882e-02 -4.949062e-03
6.180000e-08 -1.017569e-02 -4.485603e-03
6.190000e-08 -1.023981e-02 -4.234399e-03
6.200000e-08 -1.022713e-02 -4.315441e-03
6.210000e-08 -1.012799e-02 -4.635030e-03
6.220000e-08 -9.986641e-03 -4.948387e-03
6.230000e-08 -9.890481e-03 -5.026350e-03
6.240000e-08 -9.895877e-03 -4.769190e-03
6.250000e-08 -9.999342e-03 -4.324833e-03
6.260000e-08 -1.011162e-02 -3.934159e-03
6.270000e-08 -1.011860e-02 -3.824582e-03
6.280000e-08 -9.959935e-03 -4.006316e-03
6.290000e-08 -9.695370e-03 -4.320448e-03
6.300000e-08 -9.458570e-03 -4.492597e-03
6.310000e-08 -9.374915e-03 -4.398338e-03
6.320000e-08 -9.454053e-03 -4.095158e-03
6.330000e-08 -9.556438e-03 -3.838395e-03
6.340000e-08 -9.488659e-03 -3.872747e-03
6.350000e-08 -9.136869e-03 -4.255566e-03
6.360000e-08 -8.572450e-03 -4.800572e-03
6.370000e-08 -8.035538e-03 -5.174387e-03
6.380000e-08 -7.771513e-03 -5.146060e-03
6.390000e-08 -7.869240e-03 -4.731843e-03
6.400000e-08 -8.156721e-03 -4.244047e-03
6.410000e-08 -8.309284e-03 -4.041902e-03
6.420000e-08 -8.059573e-03 -4.332806e-03
6.430000e-08 -7.413937e-03 -4.943814e-03
6.440000e-08 -6.657469e-03 -5.473542e-03
6.450000e-08 -6.204691e-03 -5.508881e-03
6.460000e-08 -6.292851e-03 -4.973616e-03
6.470000e-08 -6.783622e-03 -4.204628e-03
6.480000e-08 -7.226611e-03 -3.790256e-03
6.490000e-08 -7.138340e-03 -4.164975e-03
6.500000e-08 -6.367082e-03 -5.250861e-03
6.510000e-08 -5.252825e-03 -6.428046e-03
6.520000e-08 -4.473865e-03 -6.830455e-03
6.530000e-08 -4.597771e-03 -5.957075e-03
6.540000e-08 -5.648772e-03 -4.070229e-03
6.550000e-08 -6.934180e-03 -2.329183e-03
6.560000e-08 -7.333857e-03 -2.260642e-03
6.570000e-08 -5.870498e-03 -5.067728e-03
6.580000e-08 -2.300813e-03 -1.089727e-02
6.590000e-08 2.662023e-03 -1.867417e-02
