   0.000  36480.19915
   0.100  35087.41837
   0.200  33776.71783
   0.300  32542.01617
   0.400  31377.75765
   0.500  30278.86111
   0.600  29240.67444
   0.700  28258.93384
   0.800  27329.72729
   0.900  26449.46186
   1.000  25614.83426
   1.100  24822.80451
   1.200  24070.57213
   1.300  23355.55479
   1.400  22675.36902
   1.500  22027.81281
   1.600  21410.84990
   1.700  20822.59556
   1.800  20261.30377
   1.900  19725.35553
   2.000  19213.24834
   2.100  18723.58656
   2.200  18255.07277
   2.300  17806.49978
   2.400  17376.74349
   2.500  16964.75627
   2.600  16569.56100
   2.700  16190.24561
   2.800  15825.95806
   2.900  15475.90184
   3.000  15139.33171
   3.100  14815.54995
   3.200  14503.90284
   3.300  14203.77742
   3.400  13914.59856
   3.500  13635.82626
   3.600  13366.95314
   3.700  13107.50216
   3.800  12857.02451
   3.900  12615.09765
   4.000  12381.32353
   4.100  12155.32694
   4.200  11936.75394
   4.300  11725.27052
   4.400  11520.56122
   4.500  11322.32795
   4.600  11130.28889
   4.700  10944.17742
   4.800  10763.74115
   4.900  10588.74107
   5.000  10418.95068
   5.100  10254.15523
   5.200  10094.15099
   5.300   9938.74462
   5.400   9787.75252
   5.500   9641.00022
   5.600   9498.32192
   5.700   9359.55992
   5.800   9224.56415
   5.900   9093.19179
   6.000   8965.30679
   6.100   8840.77954
   6.200   8719.48646
   6.300   8601.30972
   6.400   8486.13688
   6.500   8373.86063
   6.600   8264.37847
   6.700   8157.59250
   6.800   8053.40915
   6.900   7951.73896
   7.000   7852.49633
   7.100   7755.59940
   7.200   7660.96976
   7.300   7568.53236
   7.400   7478.21529
   7.500   7389.94961
   7.600   7303.66927
   7.700   7219.31088
   7.800   7136.81367
   7.900   7056.11928
   8.000   6977.17169
   8.100   6899.91710
   8.200   6824.30384
   8.300   6750.28221
   8.400   6677.80448
   8.500   6606.82470
   8.600   6537.29872
   8.700   6469.18401
   8.800   6402.43965
   8.900   6337.02624
   9.000   6272.90582
   9.100   6210.04183
   9.200   6148.39904
   9.300   6087.94346
   9.400   6028.64234
   9.500   5970.46408
   9.600   5913.37820
   9.700   5857.35526
   9.800   5802.36687
   9.900   5748.38559
  10.000   5695.38493
  10.100   5643.33930
  10.200   5592.22396
  10.300   5542.01500
  10.400   5492.68930
  10.500   5444.22450
  10.600   5396.59899
  10.700   5349.79182
  10.800   5303.78275
  10.900   5258.55218
  11.000   5214.08111
  11.100   5170.35117
  11.200   5127.34455
  11.300   5085.04398
  11.400   5043.43275
  11.500   5002.49465
  11.600   4962.21395
  11.700   4922.57542
  11.800   4883.56427
  11.900   4845.16616
  12.000   4807.36717
  12.100   4770.15380
  12.200   4733.51292
  12.300   4697.43182
  12.400   4661.89812
  12.500   4626.89981
  12.600   4592.42524
  12.700   4558.46305
  12.800   4525.00223
  12.900   4492.03207
  13.000   4459.54217
  13.100   4427.52238
  13.200   4395.96287
  13.300   4364.85406
  13.400   4334.18662
  13.500   4303.95150
  13.600   4274.13985
  13.700   4244.74309
  13.800   4215.75286
  13.900   4187.16101
  14.000   4158.95961
  14.100   4131.14093
  14.200   4103.69745
  14.300   4076.62183
  14.400   4049.90693
  14.500   4023.54578
  14.600   3997.53160
  14.700   3971.85775
  14.800   3946.51780
  14.900   3921.50543
  15.000   3896.81452
  15.100   3872.43908
  15.200   3848.37325
  15.300   3824.61135
  15.400   3801.14780
  15.500   3777.97717
  15.600   3755.09417
  15.700   3732.49360
  15.800   3710.17043
  15.900   3688.11971
  16.000   3666.33663
  16.100   3644.81647
  16.200   3623.55463
  16.300   3602.54661
  16.400   3581.78803
  16.500   3561.27460
  16.600   3541.00210
  16.700   3520.96645
  16.800   3501.16363
  16.900   3481.58971
  17.000   3462.24087
  17.100   3443.11336
  17.200   3424.20350
  17.300   3405.50770
  17.400   3387.02246
  17.500   3368.74433
  17.600   3350.66997
  17.700   3332.79606
  17.800   3315.11941
  17.900   3297.63684
  18.000   3280.34528
  18.100   3263.24170
  18.200   3246.32315
  18.300   3229.58672
  18.400   3213.02958
  18.500   3196.64895
  18.600   3180.44210
  18.700   3164.40637
  18.800   3148.53914
  18.900   3132.83785
  19.000   3117.29998
  19.100   3101.92309
  19.200   3086.70475
  19.300   3071.64260
  19.400   3056.73432
  19.500   3041.97765
  19.600   3027.37035
  19.700   3012.91023
  19.800   2998.59516
  19.900   2984.42303
  20.000   2970.39179
  20.100   2956.49940
  20.200   2942.74388
  20.300   2929.12328
  20.400   2915.63570
  20.500   2902.27927
  20.600   2889.05213
  20.700   2875.95248
  20.800   2862.97856
  20.900   2850.12861
  21.000   2837.40094
  21.100   2824.79386
  21.200   2812.30573
  21.300   2799.93493
  21.400   2787.67987
  21.500   2775.53899
  21.600   2763.51076
  21.700   2751.59367
  21.800   2739.78625
  21.900   2728.08704
  22.000   2716.49462
  22.100   2705.00758
  22.200   2693.62455
  22.300   2682.34417
  22.400   2671.16511
  22.500   2660.08606
  22.600   2649.10573
  22.700   2638.22287
  22.800   2627.43623
  22.900   2616.74459
  23.000   2606.14675
  23.100   2595.64152
  23.200   2585.22775
  23.300   2574.90428
  23.400   2564.67001
  23.500   2554.52383
  23.600   2544.46464
  23.700   2534.49139
  23.800   2524.60301
  23.900   2514.79847
  24.000   2505.07676
  24.100   2495.43688
  24.200   2485.87783
  24.300   2476.39866
  24.400   2466.99840
  24.500   2457.67611
  24.600   2448.43088
  24.700   2439.26179
  24.800   2430.16795
  24.900   2421.14847
  25.000   2412.20249
  25.100   2403.32915
  25.200   2394.52761
  25.300   2385.79705
  25.400   2377.13664
  25.500   2368.54559
  25.600   2360.02310
  25.700   2351.56839
  25.800   2343.18070
  25.900   2334.85927
  26.000   2326.60336
  26.100   2318.41223
  26.200   2310.28516
  26.300   2302.22143
  26.400   2294.22036
  26.500   2286.28124
  26.600   2278.40339
  26.700   2270.58615
  26.800   2262.82886
  26.900   2255.13085
  27.000   2247.49150
  27.100   2239.91016
  27.200   2232.38621
  27.300   2224.91904
  27.400   2217.50805
  27.500   2210.15262
  27.600   2202.85219
  27.700   2195.60615
  27.800   2188.41395
  27.900   2181.27502
  28.000   2174.18879
  28.100   2167.15473
  28.200   2160.17229
  28.300   2153.24093
  28.400   2146.36013
  28.500   2139.52938
  28.600   2132.74815
  28.700   2126.01594
  28.800   2119.33226
  28.900   2112.69661
  29.000   2106.10851
  29.100   2099.56748
  29.200   2093.07305
  29.300   2086.62475
  29.400   2080.22212
  29.500   2073.86471
  29.600   2067.55207
  29.700   2061.28377
  29.800   2055.05936
  29.900   2048.87841
  30.000   2042.74050
  30.100   2036.64522
  30.200   2030.59214
  30.300   2024.58086
  30.400   2018.61098
  30.500   2012.68211
  30.600   2006.79383
  30.700   2000.94578
  30.800   1995.13757
  30.900   1989.36882
  31.000   1983.63915
  31.100   1977.94821
  31.200   1972.29562
  31.300   1966.68102
  31.400   1961.10407
  31.500   1955.56442
  31.600   1950.06171
  31.700   1944.59560
  31.800   1939.16576
  31.900   1933.77186
  32.000   1928.41357
  32.100   1923.09056
  32.200   1917.80250
  32.300   1912.54910
  32.400   1907.33002
  32.500   1902.14497
  32.600   1896.99363
  32.700   1891.87571
  32.800   1886.79090
  32.900   1881.73891
  33.000   1876.71946
  33.100   1871.73224
  33.200   1866.77699
  33.300   1861.85341
  33.400   1856.96123
  33.500   1852.10018
  33.600   1847.26999
  33.700   1842.47038
  33.800   1837.70109
  33.900   1832.96186
  34.000   1828.25243
  34.100   1823.57255
  34.200   1818.92196
  34.300   1814.30042
  34.400   1809.70767
  34.500   1805.14348
  34.600   1800.60759
  34.700   1796.09978
  34.800   1791.61980
  34.900   1787.16743
  35.000   1782.74243
  35.100   1778.34458
  35.200   1773.97365
  35.300   1769.62941
  35.400   1765.31165
  35.500   1761.02014
  35.600   1756.75468
  35.700   1752.51505
  35.800   1748.30104
  35.900   1744.11244
  36.000   1739.94905
  36.100   1735.81065
  36.200   1731.69706
  36.300   1727.60806
  36.400   1723.54347
  36.500   1719.50308
  36.600   1715.48671
  36.700   1711.49416
  36.800   1707.52525
  36.900   1703.57978
  37.000   1699.65758
  37.100   1695.75846
  37.200   1691.88223
  37.300   1688.02873
  37.400   1684.19777
  37.500   1680.38918
  37.600   1676.60278
  37.700   1672.83841
  37.800   1669.09589
  37.900   1665.37505
  38.000   1661.67573
  38.100   1657.99777
  38.200   1654.34100
  38.300   1650.70526
  38.400   1647.09040
  38.500   1643.49625
  38.600   1639.92265
  38.700   1636.36946
  38.800   1632.83652
  38.900   1629.32368
  39.000   1625.83078
  39.100   1622.35769
  39.200   1618.90425
  39.300   1615.47033
  39.400   1612.05576
  39.500   1608.66042
  39.600   1605.28416
  39.700   1601.92685
  39.800   1598.58833
  39.900   1595.26849
  40.000   1591.96717
  40.100   1588.68426
  40.200   1585.41961
  40.300   1582.17309
  40.400   1578.94458
  40.500   1575.73394
  40.600   1572.54105
  40.700   1569.36579
  40.800   1566.20801
  40.900   1563.06761
  41.000   1559.94446
  41.100   1556.83844
  41.200   1553.74943
  41.300   1550.67730
  41.400   1547.62195
  41.500   1544.58324
  41.600   1541.56108
  41.700   1538.55534
  41.800   1535.56592
  41.900   1532.59269
  42.000   1529.63554
  42.100   1526.69437
  42.200   1523.76907
  42.300   1520.85953
  42.400   1517.96564
  42.500   1515.08730
  42.600   1512.22440
  42.700   1509.37683
  42.800   1506.54450
  42.900   1503.72729
  43.000   1500.92512
  43.100   1498.13787
  43.200   1495.36546
  43.300   1492.60778
  43.400   1489.86473
  43.500   1487.13622
  43.600   1484.42214
  43.700   1481.72242
  43.800   1479.03695
  43.900   1476.36564
  44.000   1473.70839
  44.100   1471.06512
  44.200   1468.43574
  44.300   1465.82015
  44.400   1463.21826
  44.500   1460.63000
  44.600   1458.05526
  44.700   1455.49397
  44.800   1452.94604
  44.900   1450.41137
  45.000   1447.88990
  45.100   1445.38154
  45.200   1442.88619
  45.300   1440.40379
  45.400   1437.93424
  45.500   1435.47747
  45.600   1433.03340
  45.700   1430.60195
  45.800   1428.18304
  45.900   1425.77660
  46.000   1423.38254
  46.100   1421.00079
  46.200   1418.63127
  46.300   1416.27391
  46.400   1413.92863
  46.500   1411.59537
  46.600   1409.27404
  46.700   1406.96458
  46.800   1404.66690
  46.900   1402.38095
  47.000   1400.10665
  47.100   1397.84393
  47.200   1395.59273
  47.300   1393.35296
  47.400   1391.12457
  47.500   1388.90748
  47.600   1386.70163
  47.700   1384.50696
  47.800   1382.32339
  47.900   1380.15086
  48.000   1377.98931
  48.100   1375.83867
  48.200   1373.69888
  48.300   1371.56987
  48.400   1369.45159
  48.500   1367.34397
  48.600   1365.24694
  48.700   1363.16045
  48.800   1361.08444
  48.900   1359.01884
  49.000   1356.96360
  49.100   1354.91866
  49.200   1352.88396
  49.300   1350.85944
  49.400   1348.84504
  49.500   1346.84071
  49.600   1344.84638
  49.700   1342.86201
  49.800   1340.88754
  49.900   1338.92291
  50.000   1336.96806
  50.100   1335.02295
  50.200   1333.08751
  50.300   1331.16171
  50.400   1329.24547
  50.500   1327.33875
  50.600   1325.44150
  50.700   1323.55366
  50.800   1321.67519
  50.900   1319.80603
  51.000   1317.94613
  51.100   1316.09545
  51.200   1314.25392
  51.300   1312.42151
  51.400   1310.59816
  51.500   1308.78383
  51.600   1306.97846
  51.700   1305.18201
  51.800   1303.39444
  51.900   1301.61569
  52.000   1299.84571
  52.100   1298.08447
  52.200   1296.33192
  52.300   1294.58800
  52.400   1292.85268
  52.500   1291.12591
  52.600   1289.40764
  52.700   1287.69783
  52.800   1285.99645
  52.900   1284.30343
  53.000   1282.61875
  53.100   1280.94235
  53.200   1279.27420
  53.300   1277.61426
  53.400   1275.96247
  53.500   1274.31880
  53.600   1272.68322
  53.700   1271.05567
  53.800   1269.43612
  53.900   1267.82452
  54.000   1266.22085
  54.100   1264.62505
  54.200   1263.03709
  54.300   1261.45693
  54.400   1259.88453
  54.500   1258.31985
  54.600   1256.76286
  54.700   1255.21351
  54.800   1253.67177
  54.900   1252.13760
  55.000   1250.61097
  55.100   1249.09184
  55.200   1247.58017
  55.300   1246.07592
  55.400   1244.57906
  55.500   1243.08956
  55.600   1241.60738
  55.700   1240.13248
  55.800   1238.66483
  55.900   1237.20440
  56.000   1235.75114
  56.100   1234.30503
  56.200   1232.86604
  56.300   1231.43412
  56.400   1230.00925
  56.500   1228.59139
  56.600   1227.18052
  56.700   1225.77659
  56.800   1224.37958
  56.900   1222.98945
  57.000   1221.60617
  57.100   1220.22971
  57.200   1218.86005
  57.300   1217.49714
  57.400   1216.14095
  57.500   1214.79147
  57.600   1213.44865
  57.700   1212.11246
  57.800   1210.78289
  57.900   1209.45989
  58.000   1208.14343
  58.100   1206.83350
  58.200   1205.53005
  58.300   1204.23307
  58.400   1202.94251
  58.500   1201.65836
  58.600   1200.38058
  58.700   1199.10915
  58.800   1197.84404
  58.900   1196.58522
  59.000   1195.33267
  59.100   1194.08635
  59.200   1192.84624
  59.300   1191.61231
  59.400   1190.38454
  59.500   1189.16291
  59.600   1187.94737
  59.700   1186.73792
  59.800   1185.53451
  59.900   1184.33713
  60.000   1183.14576
  60.100   1181.96036
  60.200   1180.78091
  60.300   1179.60739
  60.400   1178.43976
  60.500   1177.27802
  60.600   1176.12213
  60.700   1174.97206
  60.800   1173.82780
  60.900   1172.68932
  61.000   1171.55660
  61.100   1170.42961
  61.200   1169.30833
  61.300   1168.19274
  61.400   1167.08281
  61.500   1165.97852
  61.600   1164.87985
  61.700   1163.78678
  61.800   1162.69928
  61.900   1161.61734
  62.000   1160.54092
  62.100   1159.47001
  62.200   1158.40459
  62.300   1157.34463
  62.400   1156.29011
  62.500   1155.24102
  62.600   1154.19732
  62.700   1153.15901
  62.800   1152.12606
  62.900   1151.09844
  63.000   1150.07615
  63.100   1149.05915
  63.200   1148.04743
  63.300   1147.04097
  63.400   1146.03974
  63.500   1145.04374
  63.600   1144.05293
  63.700   1143.06730
  63.800   1142.08683
  63.900   1141.11150
  64.000   1140.14130
  64.100   1139.17619
  64.200   1138.21617
  64.300   1137.26122
  64.400   1136.31131
  64.500   1135.36643
  64.600   1134.42656
  64.700   1133.49169
  64.800   1132.56179
  64.900   1131.63684
  65.000   1130.71683
  65.100   1129.80175
  65.200   1128.89157
  65.300   1127.98627
  65.400   1127.08585
  65.500   1126.19027
  65.600   1125.29953
  65.700   1124.41361
  65.800   1123.53250
  65.900   1122.65616
  66.000   1121.78460
  66.100   1120.91778
  66.200   1120.05571
  66.300   1119.19835
  66.400   1118.34570
  66.500   1117.49773
  66.600   1116.65444
  66.700   1115.81581
  66.800   1114.98181
  66.900   1114.15244
  67.000   1113.32768
  67.100   1112.50752
  67.200   1111.69194
  67.300   1110.88092
  67.400   1110.07445
  67.500   1109.27252
  67.600   1108.47511
  67.700   1107.68220
  67.800   1106.89379
  67.900   1106.10985
  68.000   1105.33038
  68.100   1104.55536
  68.200   1103.78477
  68.300   1103.01860
  68.400   1102.25684
  68.500   1101.49948
  68.600   1100.74649
  68.700   1099.99787
  68.800   1099.25361
  68.900   1098.51368
  69.000   1097.77808
  69.100   1097.04679
  69.200   1096.31981
  69.300   1095.59711
  69.400   1094.87869
  69.500   1094.16452
  69.600   1093.45461
  69.700   1092.74893
  69.800   1092.04748
  69.900   1091.35024
  70.000   1090.65720
  70.100   1089.96835
  70.200   1089.28367
  70.300   1088.60316
  70.400   1087.92680
  70.500   1087.25458
  70.600   1086.58648
  70.700   1085.92251
  70.800   1085.26263
  70.900   1084.60685
  71.000   1083.95515
  71.100   1083.30753
  71.200   1082.66396
  71.300   1082.02444
  71.400   1081.38896
  71.500   1080.75750
  71.600   1080.13006
  71.700   1079.50663
  71.800   1078.88719
  71.900   1078.27173
  72.000   1077.66025
  72.100   1077.05272
  72.200   1076.44916
  72.300   1075.84953
  72.400   1075.25383
  72.500   1074.66206
  72.600   1074.07419
  72.700   1073.49023
  72.800   1072.91016
  72.900   1072.33397
  73.000   1071.76166
  73.100   1071.19320
  73.200   1070.62860
  73.300   1070.06785
  73.400   1069.51092
  73.500   1068.95782
  73.600   1068.40854
  73.700   1067.86306
  73.800   1067.32138
  73.900   1066.78349
  74.000   1066.24938
  74.100   1065.71904
  74.200   1065.19245
  74.300   1064.66963
  74.400   1064.15054
  74.500   1063.63519
  74.600   1063.12357
  74.700   1062.61566
  74.800   1062.11147
  74.900   1061.61097
  75.000   1061.11417
  75.100   1060.62106
  75.200   1060.13162
  75.300   1059.64585
  75.400   1059.16374
  75.500   1058.68529
  75.600   1058.21048
  75.700   1057.73931
  75.800   1057.27177
  75.900   1056.80785
  76.000   1056.34754
  76.100   1055.89084
  76.200   1055.43774
  76.300   1054.98824
  76.400   1054.54231
  76.500   1054.09997
  76.600   1053.66120
  76.700   1053.22599
  76.800   1052.79433
  76.900   1052.36623
  77.000   1051.94167
  77.100   1051.52064
  77.200   1051.10315
  77.300   1050.68917
  77.400   1050.27871
  77.500   1049.87176
  77.600   1049.46831
  77.700   1049.06836
  77.800   1048.67190
  77.900   1048.27892
  78.000   1047.88942
  78.100   1047.50339
  78.200   1047.12082
  78.300   1046.74171
  78.400   1046.36605
  78.500   1045.99384
  78.600   1045.62507
  78.700   1045.25974
  78.800   1044.89783
  78.900   1044.53935
  79.000   1044.18428
  79.100   1043.83262
  79.200   1043.48438
  79.300   1043.13953
  79.400   1042.79807
  79.500   1042.46001
  79.600   1042.12533
  79.700   1041.79403
  79.800   1041.46611
  79.900   1041.14155
  80.000   1040.82036
  80.100   1040.50252
  80.200   1040.18804
  80.300   1039.87691
  80.400   1039.56912
  80.500   1039.26467
  80.600   1038.96355
  80.700   1038.66576
  80.800   1038.37130
  80.900   1038.08016
  81.000   1037.79233
  81.100   1037.50782
  81.200   1037.22661
  81.300   1036.94870
  81.400   1036.67410
  81.500   1036.40278
  81.600   1036.13476
  81.700   1035.87002
  81.800   1035.60856
  81.900   1035.35038
  82.000   1035.09547
  82.100   1034.84383
  82.200   1034.59545
  82.300   1034.35034
  82.400   1034.10849
  82.500   1033.86988
  82.600   1033.63453
  82.700   1033.40243
  82.800   1033.17357
  82.900   1032.94794
  83.000   1032.72556
  83.100   1032.50640
  83.200   1032.29048
  83.300   1032.07778
  83.400   1031.86830
  83.500   1031.66204
  83.600   1031.45900
  83.700   1031.25917
  83.800   1031.06255
  83.900   1030.86914
  84.000   1030.67893
  84.100   1030.49192
  84.200   1030.30811
  84.300   1030.12750
  84.400   1029.95008
  84.500   1029.77585
  84.600   1029.60480
  84.700   1029.43694
  84.800   1029.27226
  84.900   1029.11076
  85.000   1028.95244
  85.100   1028.79729
  85.200   1028.64531
  85.300   1028.49651
  85.400   1028.35087
  85.500   1028.20839
  85.600   1028.06908
  85.700   1027.93293
  85.800   1027.79994
  85.900   1027.67011
  86.000   1027.54343
  86.100   1027.41990
  86.200   1027.29953
  86.300   1027.18230
  86.400   1027.06822
  86.500   1026.95729
  86.600   1026.84950
  86.700   1026.74485
  86.800   1026.64335
  86.900   1026.54498
  87.000   1026.44975
  87.100   1026.35766
  87.200   1026.26870
  87.300   1026.18288
  87.400   1026.10018
  87.500   1026.02062
  87.600   1025.94419
  87.700   1025.87089
  87.800   1025.80071
  87.900   1025.73366
  88.000   1025.66974
  88.100   1025.60894
  88.200   1025.55126
  88.300   1025.49671
  88.400   1025.44528
  88.500   1025.39697
  88.600   1025.35178
  88.700   1025.30971
  88.800   1025.27075
  88.900   1025.23492
  89.000   1025.20220
  89.100   1025.17261
  89.200   1025.14612
  89.300   1025.12276
  89.400   1025.10251
  89.500   1025.08538
  89.600   1025.07136
  89.700   1025.06046
  89.800   1025.05267
  89.900   1025.04800
