2.00e+08  1.0096118
2.10e+08  1.0197064
2.20e+08  1.0169079
2.30e+08  1.0019353
2.40e+08  0.99968188
2.50e+08  0.99429641
2.60e+08  0.98295825
2.70e+08  0.98328499
2.80e+08  0.99709218
2.90e+08  0.99718366
3.00e+08  0.99656924
3.10e+08  0.99314549
3.20e+08  0.98637895
3.30e+08  0.97996338
3.40e+08  0.97163918
3.50e+08  0.9725734
3.60e+08  0.96609991
3.70e+08  0.97943134
3.80e+08  0.98337582
3.90e+08  0.96273808
4.00e+08  0.97026013
4.10e+08  0.97526449
4.20e+08  0.95103384
4.30e+08  0.96807964
4.40e+08  0.96238216
4.50e+08  0.94157829
4.60e+08  0.96001958
4.70e+08  0.95442103
4.80e+08  0.94563839
4.90e+08  0.97391877
5.00e+08  0.95311216
5.10e+08  0.93588605
5.20e+08  0.95947816
5.30e+08  0.92920776
5.40e+08  0.93026868
5.50e+08  0.94722208
5.60e+08  0.93931838
5.70e+08  0.95770991
5.80e+08  0.95221308
5.90e+08  0.93871473
6.00e+08  0.93620313
6.10e+08  0.9211592
6.20e+08  0.9288034
6.30e+08  0.92042201
6.40e+08  0.93840353
6.50e+08  0.92105582
6.60e+08  0.96144616
6.70e+08  0.94710522
6.80e+08  0.93744775
6.90e+08  0.99627397
7.00e+08  0.94649635
7.10e+08  0.96873029
7.20e+08  1.0079131
7.30e+08  0.96782206
7.40e+08  0.98978578
7.50e+08  1.0036653
7.60e+08  1.0087768
7.70e+08  1.0250927
7.80e+08  1.0218097
7.90e+08  0.98313768
8.00e+08  0.98649339
8.10e+08  1.0009403
8.20e+08  1.0067197
8.30e+08  1.0515823
8.40e+08  0.99368001
8.50e+08  0.99508152
8.60e+08  1.0380945
8.70e+08  0.99583023
8.80e+08  1.057565
8.90e+08  1.0444348
9.00e+08  0.96685615
9.10e+08  1.0627359
9.20e+08  1.0129842
9.30e+08  0.98587499
9.40e+08  1.0806036
9.50e+08  0.9874449
9.60e+08  0.99711142
9.70e+08  1.0312365
9.80e+08  0.98698766
9.90e+08  0.99941576
1.00e+09  0.99066834
1.01e+09  1.0240088
1.02e+09  0.99044009
1.03e+09  0.96664448
1.04e+09  0.97910992
1.05e+09  0.98869575
1.06e+09  1.0130291
1.07e+09  0.99207435
1.08e+09  1.0320159
1.09e+09  0.94295288
1.10e+09  1.0037978
1.11e+09  1.0222646
1.12e+09  0.9060714
1.13e+09  1.1077567
1.14e+09  0.99333707
1.15e+09  0.94227117
1.16e+09  1.1235282
1.17e+09  0.99463095
1.18e+09  0.98001674
1.19e+09  1.0536031
1.20e+09  0.94232624
1.21e+09  1.0576401
1.22e+09  1.2558258
1.23e+09  1.2712008
1.24e+09  1.3563798
1.25e+09  1.2559343
1.26e+09  1.135898
1.27e+09  1.1563096
1.28e+09  1.0892196
1.29e+09  1.1041381
1.30e+09  1.1778883
1.31e+09  0.99842139
1.32e+09  1.0272891
1.33e+09  0.91499097
1.34e+09  0.78836232
1.35e+09  0.75918065
1.36e+09  0.72770162
1.37e+09  0.60613098
1.38e+09  0.67003578
1.39e+09  0.53927797
1.40e+09  0.58188208
1.41e+09  0.54834379
1.42e+09  0.58927811
1.43e+09  0.59396772
1.44e+09  0.63418546
1.45e+09  0.60668068
1.46e+09  0.64300451
1.47e+09  0.59811939
1.48e+09  0.70686443
1.49e+09  0.75981668
1.50e+09  0.6957556
2.00e+08  0.97195223
2.10e+08  0.99928519
2.20e+08  0.9887816
2.30e+08  0.95142248
2.40e+08  0.96248655
2.50e+08  0.95594478
2.60e+08  0.93524754
2.70e+08  0.93839068
2.80e+08  0.95354365
2.90e+08  0.94556601
3.00e+08  0.94576472
3.10e+08  0.93481678
3.20e+08  0.92432024
3.30e+08  0.90404291
3.40e+08  0.89422313
3.50e+08  0.90345262
3.60e+08  0.87244169
3.70e+08  0.90996863
3.80e+08  0.90997599
3.90e+08  0.85049657
4.00e+08  0.88005461
4.10e+08  0.8810329
4.20e+08  0.81239712
4.30e+08  0.89090813
4.40e+08  0.85289528
4.50e+08  0.79443377
4.60e+08  0.86861758
4.70e+08  0.82335188
4.80e+08  0.79201703
4.90e+08  0.87377346
5.00e+08  0.81077965
5.10e+08  0.78454181
5.20e+08  0.85215415
5.30e+08  0.78196556
5.40e+08  0.79308963
5.50e+08  0.82165007
5.60e+08  0.77978399
5.70e+08  0.82408179
5.80e+08  0.80976872
5.90e+08  0.79258913
6.00e+08  0.79417326
6.10e+08  0.76675363
6.20e+08  0.78299216
6.30e+08  0.77022097
6.40e+08  0.82774628
6.50e+08  0.77963625
6.60e+08  0.89171289
6.70e+08  0.86263899
6.80e+08  0.83371057
6.90e+08  0.99459567
7.00e+08  0.85756411
7.10e+08  0.94475406
7.20e+08  0.98114972
7.30e+08  0.90000548
7.40e+08  0.94991423
7.50e+08  0.95001723
7.60e+08  0.96432586
7.70e+08  0.98648664
7.80e+08  0.97142887
7.90e+08  0.91131747
8.00e+08  0.93173856
8.10e+08  0.98430015
8.20e+08  1.0020042
8.30e+08  1.0730404
8.40e+08  0.9428327
8.50e+08  0.98175103
8.60e+08  1.0712808
8.70e+08  0.94984241
8.80e+08  1.1619084
8.90e+08  1.0450272
9.00e+08  0.894385
9.10e+08  1.1563295
9.20e+08  0.95086379
9.30e+08  0.98221211
9.40e+08  1.1310621
9.50e+08  0.88688564
9.60e+08  1.0036638
9.70e+08  1.017142
9.80e+08  0.9263691
9.90e+08  0.98913525
1.00e+09  0.90604928
1.01e+09  0.96030991
1.02e+09  0.91974225
1.03e+09  0.90064612
1.04e+09  0.88025957
1.05e+09  0.9135293
1.06e+09  0.96210749
1.07e+09  0.85772466
1.08e+09  1.0339611
1.09e+09  0.83752213
1.10e+09  0.92951484
1.11e+09  1.0128923
1.12e+09  0.74788335
1.13e+09  1.1684611
1.14e+09  0.91129178
1.15e+09  0.87094969
1.16e+09  1.2447601
1.17e+09  0.94472903
1.18e+09  1.0387132
1.19e+09  1.0869247
1.20e+09  1.0157518
1.21e+09  1.1959402
1.22e+09  1.2419497
1.23e+09  1.2745478
1.24e+09  1.353965
1.25e+09  1.2763664
1.26e+09  1.1669596
1.27e+09  1.1914099
1.28e+09  1.2094531
1.29e+09  1.2863398
1.30e+09  1.4109444
1.31e+09  1.1676825
1.32e+09  1.1697568
1.33e+09  1.0280359
1.34e+09  0.9311762
1.35e+09  0.80295144
1.36e+09  0.78505923
1.37e+09  0.69688831
1.38e+09  0.69842975
1.39e+09  0.54584822
1.40e+09  0.60280396
1.41e+09  0.68900072
1.42e+09  0.64633626
1.43e+09  0.6692695
1.44e+09  0.71799832
1.45e+09  0.62349547
1.46e+09  0.7900278
1.47e+09  0.66814483
1.48e+09  0.73379807
1.49e+09  0.85272429
1.50e+09  0.69276077
2.00e+08  0.82937009
2.10e+08  0.91448285
2.20e+08  0.86973901
2.30e+08  0.79246796
2.40e+08  0.82508767
2.50e+08  0.81274325
2.60e+08  0.76442522
2.70e+08  0.78353202
2.80e+08  0.77838306
2.90e+08  0.7556839
3.00e+08  0.75237764
3.10e+08  0.72767322
3.20e+08  0.70203319
3.30e+08  0.65685016
3.40e+08  0.64947242
3.50e+08  0.65402536
3.60e+08  0.58721801
3.70e+08  0.66642723
3.80e+08  0.63567294
3.90e+08  0.53883335
4.00e+08  0.6060552
4.10e+08  0.55731602
4.20e+08  0.46269401
4.30e+08  0.60369515
4.40e+08  0.49477298
4.50e+08  0.45282885
4.60e+08  0.57080321
4.70e+08  0.45452399
4.80e+08  0.45296239
4.90e+08  0.54450406
5.00e+08  0.43354003
5.10e+08  0.46117169
5.20e+08  0.52245339
5.30e+08  0.43089334
5.40e+08  0.49695355
5.50e+08  0.48133137
5.60e+08  0.43749647
5.70e+08  0.51209615
5.80e+08  0.45350204
5.90e+08  0.46874738
6.00e+08  0.45812012
6.10e+08  0.4382198
6.20e+08  0.48916351
6.30e+08  0.46434032
6.40e+08  0.56496557
6.50e+08  0.51803004
6.60e+08  0.65442109
6.70e+08  0.66996948
6.80e+08  0.62603225
6.90e+08  0.82916048
7.00e+08  0.68454441
7.10e+08  0.75820055
7.20e+08  0.79122168
7.30e+08  0.70158407
7.40e+08  0.74643498
7.50e+08  0.73801927
7.60e+08  0.74814048
7.70e+08  0.77456268
7.80e+08  0.766029
7.90e+08  0.71973244
8.00e+08  0.73583826
8.10e+08  0.8004193
8.20e+08  0.79667641
8.30e+08  0.86540713
8.40e+08  0.77773917
8.50e+08  0.82372846
8.60e+08  0.92261834
8.70e+08  0.74764621
8.80e+08  0.94072658
8.90e+08  0.81966981
9.00e+08  0.68439585
9.10e+08  0.901145
9.20e+08  0.67084438
9.30e+08  0.74967578
9.40e+08  0.78452799
9.50e+08  0.62202663
9.60e+08  0.7562315
9.70e+08  0.6604991
9.80e+08  0.64160772
9.90e+08  0.69366416
1.00e+09  0.58564998
1.01e+09  0.67279432
1.02e+09  0.61963469
1.03e+09  0.60386795
1.04e+09  0.57210992
1.05e+09  0.58074082
1.06e+09  0.63944715
1.07e+09  0.52664198
1.08e+09  0.72533026
1.09e+09  0.56310606
1.10e+09  0.64256097
1.11e+09  0.74552494
1.12e+09  0.53046667
1.13e+09  0.93209901
1.14e+09  0.77156334
1.15e+09  0.73867391
1.16e+09  1.0744474
1.17e+09  0.85005039
1.18e+09  1.0009891
1.19e+09  1.0433956
1.20e+09  0.94499248
1.21e+09  1.1626206
1.22e+09  1.3775234
1.23e+09  1.4564991
1.24e+09  1.6354034
1.25e+09  1.5901937
1.26e+09  1.3706079
1.27e+09  1.4118951
1.28e+09  1.5146352
1.29e+09  1.5979766
1.30e+09  1.8739642
1.31e+09  1.4785538
1.32e+09  1.4745882
1.33e+09  1.4110023
1.34e+09  1.1099373
1.35e+09  0.91262702
1.36e+09  0.81509637
1.37e+09  0.55367812
1.38e+09  0.5224028
1.39e+09  0.3001957
1.40e+09  0.34337403
1.41e+09  0.37529567
1.42e+09  0.23157116
1.43e+09  0.27003838
1.44e+09  0.24628961
1.45e+09  0.15542484
1.46e+09  0.29644682
1.47e+09  0.24494483
1.48e+09  0.26950033
1.49e+09  0.39479496
1.50e+09  0.26714459
2.00e+08  0.63667077
2.10e+08  0.77560761
2.20e+08  0.70092718
2.30e+08  0.61386825
2.40e+08  0.65192634
2.50e+08  0.62506874
2.60e+08  0.56986853
2.70e+08  0.6027223
2.80e+08  0.55066354
2.90e+08  0.53300043
3.00e+08  0.51875374
3.10e+08  0.48841893
3.20e+08  0.45966935
3.30e+08  0.41440755
3.40e+08  0.40148756
3.50e+08  0.38410173
3.60e+08  0.3319119
3.70e+08  0.3902062
3.80e+08  0.3449977
3.90e+08  0.29551015
4.00e+08  0.33996299
4.10e+08  0.2711817
4.20e+08  0.2307742
4.30e+08  0.28990896
4.40e+08  0.22056859
4.50e+08  0.22869017
4.60e+08  0.27355483
4.70e+08  0.21628619
4.80e+08  0.24775997
4.90e+08  0.2735601
5.00e+08  0.23491214
5.10e+08  0.27038276
5.20e+08  0.27598732
5.30e+08  0.25595164
5.40e+08  0.2967426
5.50e+08  0.27346222
5.60e+08  0.28183218
5.70e+08  0.29617583
5.80e+08  0.26946352
5.90e+08  0.28811329
6.00e+08  0.27183175
6.10e+08  0.28941784
6.20e+08  0.30306544
6.30e+08  0.3015958
6.40e+08  0.38373886
6.50e+08  0.32557767
6.60e+08  0.44719231
6.70e+08  0.45510396
6.80e+08  0.4044712
6.90e+08  0.57605389
7.00e+08  0.42641682
7.10e+08  0.46665112
7.20e+08  0.50361327
7.30e+08  0.4129392
7.40e+08  0.45429269
7.50e+08  0.43543003
7.60e+08  0.43375664
7.70e+08  0.46479364
7.80e+08  0.45532185
7.90e+08  0.42151921
8.00e+08  0.43134961
8.10e+08  0.4864809
8.20e+08  0.50027636
8.30e+08  0.54540442
8.40e+08  0.47938686
8.50e+08  0.52248018
8.60e+08  0.57875863
8.70e+08  0.48451296
8.80e+08  0.61466838
8.90e+08  0.49993573
9.00e+08  0.43290911
9.10e+08  0.55995323
9.20e+08  0.4233539
9.30e+08  0.48720533
9.40e+08  0.50692269
9.50e+08  0.41674362
9.60e+08  0.49819564
9.70e+08  0.46745386
9.80e+08  0.45654049
9.90e+08  0.48192567
1.00e+09  0.46852659
1.01e+09  0.49826521
1.02e+09  0.48032694
1.03e+09  0.48171356
1.04e+09  0.45754141
1.05e+09  0.51997449
1.06e+09  0.5181395
1.07e+09  0.47343996
1.08e+09  0.59507741
1.09e+09  0.48180414
1.10e+09  0.58909328
1.11e+09  0.58357062
1.12e+09  0.49478577
1.13e+09  0.76833769
1.14e+09  0.62623093
1.15e+09  0.65927931
1.16e+09  0.87633249
1.17e+09  0.69741114
1.18e+09  0.76362675
1.19e+09  0.78902116
1.20e+09  0.80157148
1.21e+09  0.92427887
1.22e+09  1.0580352
1.23e+09  1.0845187
1.24e+09  1.2261204
1.25e+09  1.2321207
1.26e+09  1.1501513
1.27e+09  1.3389058
1.28e+09  1.3378759
1.29e+09  1.3901604
1.30e+09  1.494597
1.31e+09  1.1419775
1.32e+09  1.262791
1.33e+09  1.1183982
1.34e+09  0.86362585
1.35e+09  0.7308722
1.36e+09  0.62719831
1.37e+09  0.46788902
1.38e+09  0.44518131
1.39e+09  0.25427275
1.40e+09  0.29069296
1.41e+09  0.24689732
1.42e+09  0.17601558
1.43e+09  0.23762974
1.44e+09  0.19377952
1.45e+09  0.18126677
1.46e+09  0.26972538
1.47e+09  0.17472319
1.48e+09  0.21604164
1.49e+09  0.27344942
1.50e+09  0.19195248
2.00e+08  0.34556784
2.10e+08  0.47586327
2.20e+08  0.40090032
2.30e+08  0.3767036
2.40e+08  0.38657071
2.50e+08  0.34971114
2.60e+08  0.33130076
2.70e+08  0.34626607
2.80e+08  0.28327915
2.90e+08  0.27165002
3.00e+08  0.24536397
3.10e+08  0.22465575
3.20e+08  0.20228423
3.30e+08  0.17521117
3.40e+08  0.1544868
3.50e+08  0.14172987
3.60e+08  0.11695825
3.70e+08  0.12852387
3.80e+08  0.11682315
3.90e+08  0.10372312
4.00e+08  0.11138495
4.10e+08  0.1023699
4.20e+08  0.08602494
4.30e+08  0.097597205
4.40e+08  0.089278676
4.50e+08  0.079627355
4.60e+08  0.10715834
4.70e+08  0.11021882
4.80e+08  0.11731682
4.90e+08  0.15542518
5.00e+08  0.14194523
5.10e+08  0.13817431
5.20e+08  0.17276461
5.30e+08  0.1469194
5.40e+08  0.1591305
5.50e+08  0.16151515
5.60e+08  0.13646949
5.70e+08  0.14914265
5.80e+08  0.13900893
5.90e+08  0.13541823
6.00e+08  0.13408154
6.10e+08  0.12280405
6.20e+08  0.13337251
6.30e+08  0.13041015
6.40e+08  0.14919464
6.50e+08  0.13471608
6.60e+08  0.15731793
6.70e+08  0.1634894
6.80e+08  0.14735921
6.90e+08  0.201926
7.00e+08  0.15980428
7.10e+08  0.16870148
7.20e+08  0.20001432
7.30e+08  0.16345431
7.40e+08  0.18200306
7.50e+08  0.19297257
7.60e+08  0.18418327
7.70e+08  0.21028141
7.80e+08  0.20916189
7.90e+08  0.21129106
8.00e+08  0.24398263
8.10e+08  0.27691944
8.20e+08  0.28645012
8.30e+08  0.29761473
8.40e+08  0.28751529
8.50e+08  0.30601898
8.60e+08  0.33693455
8.70e+08  0.30864273
8.80e+08  0.34142142
8.90e+08  0.32051838
9.00e+08  0.27604727
9.10e+08  0.34173077
9.20e+08  0.29040288
9.30e+08  0.28208022
9.40e+08  0.3121546
9.50e+08  0.25886973
9.60e+08  0.27551022
9.70e+08  0.27382435
9.80e+08  0.24890889
9.90e+08  0.26090598
1.00e+09  0.24714889
1.01e+09  0.25449206
1.02e+09  0.24251979
1.03e+09  0.23164176
1.04e+09  0.23455635
1.05e+09  0.24448146
1.06e+09  0.25314151
1.07e+09  0.24403712
1.08e+09  0.28963497
1.09e+09  0.23626764
1.10e+09  0.27595679
1.11e+09  0.27649489
1.12e+09  0.21730839
1.13e+09  0.33089286
1.14e+09  0.25735756
1.15e+09  0.26524563
1.16e+09  0.32260782
1.17e+09  0.25108017
1.18e+09  0.29798942
1.19e+09  0.28404944
1.20e+09  0.27927198
1.21e+09  0.29755914
1.22e+09  0.29311
1.23e+09  0.34147956
1.24e+09  0.39960292
1.25e+09  0.42346661
1.26e+09  0.40093059
1.27e+09  0.42910237
1.28e+09  0.45635928
1.29e+09  0.45600919
1.30e+09  0.50270755
1.31e+09  0.44487796
1.32e+09  0.4322456
1.33e+09  0.40847254
1.34e+09  0.34805314
1.35e+09  0.32816423
1.36e+09  0.29290772
1.37e+09  0.24823009
1.38e+09  0.21555883
1.39e+09  0.18147611
1.40e+09  0.16095877
1.41e+09  0.15127799
1.42e+09  0.16081316
1.43e+09  0.17161063
1.44e+09  0.10395598
1.45e+09  0.096667322
1.46e+09  0.13067533
1.47e+09  0.1052855
1.48e+09  0.12131453
1.49e+09  0.16272624
1.50e+09  0.14979
2.00e+08  0.085946661
2.10e+08  0.12043339
2.20e+08  0.082221664
2.30e+08  0.071635519
2.40e+08  0.060936845
2.50e+08  0.051340172
2.60e+08  0.044599674
2.70e+08  0.042360593
2.80e+08  0.04175876
2.90e+08  0.042379493
3.00e+08  0.042961801
3.10e+08  0.035537057
3.20e+08  0.027410132
3.30e+08  0.019982696
3.40e+08  0.01789476
3.50e+08  0.020175759
3.60e+08  0.01907673
3.70e+08  0.022636349
3.80e+08  0.023470494
3.90e+08  0.023553005
4.00e+08  0.029871138
4.10e+08  0.030151359
4.20e+08  0.028950922
4.30e+08  0.038482898
4.40e+08  0.03369862
4.50e+08  0.032829596
4.60e+08  0.037500914
4.70e+08  0.030019018
4.80e+08  0.026308289
4.90e+08  0.027987683
5.00e+08  0.024403592
5.10e+08  0.025364403
5.20e+08  0.02822798
5.30e+08  0.022721902
5.40e+08  0.023017233
5.50e+08  0.023532588
5.60e+08  0.023715253
5.70e+08  0.02899766
5.80e+08  0.027528797
5.90e+08  0.027798013
6.00e+08  0.025107988
6.10e+08  0.021575957
6.20e+08  0.022123258
6.30e+08  0.021212316
6.40e+08  0.029046152
6.50e+08  0.02956747
6.60e+08  0.038646099
6.70e+08  0.041351336
6.80e+08  0.034399779
6.90e+08  0.045184915
7.00e+08  0.032107407
7.10e+08  0.029476698
7.20e+08  0.026241741
7.30e+08  0.017690656
7.40e+08  0.015747903
7.50e+08  0.01270244
7.60e+08  0.010823302
7.70e+08  0.011330259
7.80e+08  0.010260018
7.90e+08  0.011063921
8.00e+08  0.013242381
8.10e+08  0.013671185
8.20e+08  0.013096191
8.30e+08  0.014103203
8.40e+08  0.014245275
8.50e+08  0.015381832
8.60e+08  0.016318413
8.70e+08  0.013667093
8.80e+08  0.015104294
8.90e+08  0.01234284
9.00e+08  0.01029105
9.10e+08  0.013460037
9.20e+08  0.010872342
9.30e+08  0.011409372
9.40e+08  0.012810672
9.50e+08  0.010328139
9.60e+08  0.011799287
9.70e+08  0.011579324
9.80e+08  0.011029935
9.90e+08  0.012941897
1.00e+09  0.012209651
1.01e+09  0.013121755
1.02e+09  0.012989172
1.03e+09  0.011445497
1.04e+09  0.012459162
1.05e+09  0.013092675
1.06e+09  0.010683797
1.07e+09  0.0089609253
1.08e+09  0.0082383546
1.09e+09  0.0058231414
1.10e+09  0.0068036771
1.11e+09  0.0073056309
1.12e+09  0.0070226672
1.13e+09  0.012870804
1.14e+09  0.011159629
1.15e+09  0.011884657
1.16e+09  0.015955843
1.17e+09  0.012694338
1.18e+09  0.01320347
1.19e+09  0.013757026
1.20e+09  0.012544817
1.21e+09  0.015077426
1.22e+09  0.019164714
1.23e+09  0.024671068
1.24e+09  0.030255093
1.25e+09  0.033101006
1.26e+09  0.031878633
1.27e+09  0.033569702
1.28e+09  0.041579986
1.29e+09  0.038920119
1.30e+09  0.048840595
1.31e+09  0.042530001
1.32e+09  0.042183122
1.33e+09  0.044657811
1.34e+09  0.033387869
1.35e+09  0.036728251
1.36e+09  0.044893086
1.37e+09  0.0314351
1.38e+09  0.046200094
1.39e+09  0.042498212
1.40e+09  0.03060849
1.41e+09  0.055218336
1.42e+09  0.045613111
1.43e+09  0.038348729
1.44e+09  0.052268267
1.45e+09  0.038303621
1.46e+09  0.037721064
1.47e+09  0.047443927
1.48e+09  0.032486533
1.49e+09  0.032951897
1.50e+09  0.048172403
