2.00e+08  0.1447453
2.10e+08  0.56876836
2.20e+08  0.80175775
2.30e+08  0.46820916
2.40e+08  0.30215978
2.50e+08  0.085101725
2.60e+08  0.068987428
2.70e+08  0.054402898
2.80e+08  0.048829722
2.90e+08  0.063408714
3.00e+08  0.069695392
3.10e+08  0.060597793
3.20e+08  0.06311686
3.30e+08  0.088948199
3.40e+08  0.15258033
3.50e+08  0.23252354
3.60e+08  0.23104278
3.70e+08  0.1665751
3.80e+08  0.23087246
3.90e+08  0.16980212
4.00e+08  0.17203969
4.10e+08  0.14756549
4.20e+08  0.055627837
4.30e+08  0.072170801
4.40e+08  0.043651457
4.50e+08  0.063274005
4.60e+08  0.057790598
4.70e+08  0.1543194
4.80e+08  0.071092506
4.90e+08  0.12001716
5.00e+08  0.059859296
5.10e+08  0.042194157
5.20e+08  0.027510798
5.30e+08  0.027647563
5.40e+08  0.062799247
5.50e+08  0.070857206
5.60e+08  0.18667227
5.70e+08  0.13208496
5.80e+08  0.19543018
5.90e+08  0.20056691
6.00e+08  0.11393801
6.10e+08  0.1710164
6.20e+08  0.16711979
6.30e+08  0.2921872
6.40e+08  0.24795372
6.50e+08  0.26232294
6.60e+08  0.27746308
6.70e+08  0.23956998
6.80e+08  0.18236137
6.90e+08  0.23184272
7.00e+08  0.19447818
7.10e+08  0.19853858
7.20e+08  0.18538772
7.30e+08  0.10489141
7.40e+08  0.16090096
7.50e+08  0.11850483
7.60e+08  0.20823226
7.70e+08  0.16229096
7.80e+08  0.095460516
7.90e+08  0.13380527
8.00e+08  0.10132143
8.10e+08  0.0568732
8.20e+08  0.033090016
8.30e+08  0.022252896
8.40e+08  0.043409668
8.50e+08  0.043839506
8.60e+08  0.036817037
8.70e+08  0.0302753
8.80e+08  0.014784181
8.90e+08  0.025302829
9.00e+08  0.018833445
9.10e+08  0.02450382
9.20e+08  0.013231548
9.30e+08  0.018843031
9.40e+08  0.033578062
9.50e+08  0.020176011
9.60e+08  0.030351225
9.70e+08  0.021782473
9.80e+08  0.0081393696
9.90e+08  0.031434327
1.00e+09  0.017322643
1.01e+09  0.015257755
1.02e+09  0.020203393
1.03e+09  0.005699909
1.04e+09  0.012312193
1.05e+09  0.0095235363
1.06e+09  0.00633412
1.07e+09  0.008928556
1.08e+09  0.0061753978
1.09e+09  0.011093962
1.10e+09  0.0066137554
1.11e+09  0.010093612
1.12e+09  0.012428894
1.13e+09  0.0035369376
1.14e+09  0.0060575476
1.15e+09  0.0071589932
1.16e+09  0.0036912737
1.17e+09  0.0030456124
1.18e+09  0.0021726124
1.19e+09  0.0015732254
1.20e+09  0.0027571392
1.21e+09  0.0030916357
1.22e+09  0.0049929297
1.23e+09  0.0037814102
1.24e+09  0.0017905661
1.25e+09  0.0023735172
1.26e+09  0.0013799275
1.27e+09  0.0013081602
1.28e+09  0.0018542228
1.29e+09  0.00093918298
1.30e+09  0.0013810569
1.31e+09  0.00098583549
1.32e+09  0.00048144151
1.33e+09  0.00070310192
1.34e+09  0.00049834447
1.35e+09  0.00058560349
1.36e+09  0.00095018534
1.37e+09  0.00048458831
1.38e+09  0.00070188187
1.39e+09  0.00064511052
1.40e+09  0.00043483619
1.41e+09  0.00078531237
1.42e+09  0.00031888514
1.43e+09  0.00045351951
1.44e+09  0.00038543366
1.45e+09  0.00033264736
1.46e+09  0.00019844915
1.47e+09  0.00042884351
1.48e+09  0.00033471082
1.49e+09  0.00036921089
1.50e+09  0.0005159719
