# f [GHz]    G_eff,H [dB] G_eff,V [dB]
1.400000e-01 7.640359e-02 7.864245e-02
1.500000e-01 1.340938e-01 1.682415e-01
1.600000e-01 2.136500e-01 1.983189e-01
1.700000e-01 9.569170e-02 8.689043e-02
1.800000e-01 8.072265e-01 7.191726e-01
1.900000e-01 2.238993e+00 1.975053e+00
2.000000e-01 4.136669e+00 3.696157e+00
2.100000e-01 5.900896e+00 5.338205e+00
2.200000e-01 6.921044e+00 6.328777e+00
2.300000e-01 7.070668e+00 6.442710e+00
2.400000e-01 6.726116e+00 5.901630e+00
2.500000e-01 6.765011e+00 5.529486e+00
2.600000e-01 7.233780e+00 5.705276e+00
2.700000e-01 7.190657e+00 5.810762e+00
2.800000e-01 6.595974e+00 5.613477e+00
2.900000e-01 6.422132e+00 5.628040e+00
3.000000e-01 6.775559e+00 5.900503e+00
3.100000e-01 6.910690e+00 5.963484e+00
3.200000e-01 6.970459e+00 6.100977e+00
3.300000e-01 7.395849e+00 6.502936e+00
3.400000e-01 7.807360e+00 6.906432e+00
3.500000e-01 7.850313e+00 7.207672e+00
3.600000e-01 7.898600e+00 7.479704e+00
3.700000e-01 7.970456e+00 7.745481e+00
3.800000e-01 8.050556e+00 7.897503e+00
3.900000e-01 8.253551e+00 8.172437e+00
4.000000e-01 8.701775e+00 8.554592e+00
4.100000e-01 8.992463e+00 8.707106e+00
4.200000e-01 8.945284e+00 8.920216e+00
4.300000e-01 9.120315e+00 9.314508e+00
4.400000e-01 9.315894e+00 9.485925e+00
4.500000e-01 9.329307e+00 9.555998e+00
4.600000e-01 9.477497e+00 9.856980e+00
4.700000e-01 9.727975e+00 1.028779e+01
4.800000e-01 9.822000e+00 1.035885e+01
4.900000e-01 9.665193e+00 1.037941e+01
5.000000e-01 9.641910e+00 1.057872e+01
5.100000e-01 9.764063e+00 1.063741e+01
5.200000e-01 9.798058e+00 1.070489e+01
5.300000e-01 9.837314e+00 1.077903e+01
5.400000e-01 9.871654e+00 1.101736e+01
5.500000e-01 9.744465e+00 1.130306e+01
5.600000e-01 9.628249e+00 1.169367e+01
5.700000e-01 9.823429e+00 1.208847e+01
5.800000e-01 1.038443e+01 1.244714e+01
5.900000e-01 1.104305e+01 1.280422e+01
6.000000e-01 1.163110e+01 1.316501e+01
6.100000e-01 1.207563e+01 1.322251e+01
6.200000e-01 1.219763e+01 1.320360e+01
6.300000e-01 1.193830e+01 1.295783e+01
6.400000e-01 1.147627e+01 1.245100e+01
6.500000e-01 1.086955e+01 1.167733e+01
6.600000e-01 1.036306e+01 1.100713e+01
6.700000e-01 1.016929e+01 1.033414e+01
6.800000e-01 1.006324e+01 9.685923e+00
6.900000e-01 9.946480e+00 9.214236e+00
7.000000e-01 1.009209e+01 8.969513e+00
7.100000e-01 1.056245e+01 8.947062e+00
7.200000e-01 1.112722e+01 9.103029e+00
7.300000e-01 1.169282e+01 9.338482e+00
7.400000e-01 1.202245e+01 9.431962e+00
7.500000e-01 1.188030e+01 9.502887e+00
7.600000e-01 1.169620e+01 1.001509e+01
7.700000e-01 1.187304e+01 1.027902e+01
7.800000e-01 1.216215e+01 9.716478e+00
7.900000e-01 1.200876e+01 9.139112e+00
8.000000e-01 1.170660e+01 9.397900e+00
8.100000e-01 1.140451e+01 9.630088e+00
8.200000e-01 1.109522e+01 9.071171e+00
8.300000e-01 1.081827e+01 8.465792e+00
8.400000e-01 1.056484e+01 8.468166e+00
8.500000e-01 1.050781e+01 8.686465e+00
8.600000e-01 1.047370e+01 8.867270e+00
8.700000e-01 1.054937e+01 8.844106e+00
8.800000e-01 1.049837e+01 8.722520e+00
8.900000e-01 1.011186e+01 9.082916e+00
9.000000e-01 1.045046e+01 9.586783e+00
9.100000e-01 1.115271e+01 9.729494e+00
9.200000e-01 1.133440e+01 9.940992e+00
9.300000e-01 1.121951e+01 1.051343e+01
9.400000e-01 1.142927e+01 1.082581e+01
9.500000e-01 1.211438e+01 1.063079e+01
9.600000e-01 1.264354e+01 1.076668e+01
9.700000e-01 1.278116e+01 1.123975e+01
9.800000e-01 1.294400e+01 1.136750e+01
9.900000e-01 1.328893e+01 1.152599e+01
1.000000e+00 1.352779e+01 1.145174e+01
1.010000e+00 1.399222e+01 1.195922e+01
1.020000e+00 1.370049e+01 1.184385e+01
1.030000e+00 1.364956e+01 1.253537e+01
1.040000e+00 1.381235e+01 1.284169e+01
1.050000e+00 1.354287e+01 1.293164e+01
1.060000e+00 1.347537e+01 1.327700e+01
1.070000e+00 1.358700e+01 1.354287e+01
1.080000e+00 1.397152e+01 1.390185e+01
1.090000e+00 1.402357e+01 1.366366e+01
1.100000e+00 1.412145e+01 1.419329e+01
1.110000e+00 1.407757e+01 1.427514e+01
1.120000e+00 1.374166e+01 1.371926e+01
1.130000e+00 1.317636e+01 1.337030e+01
1.140000e+00 1.279251e+01 1.324512e+01
1.150000e+00 1.249892e+01 1.275826e+01
1.160000e+00 1.166350e+01 1.202806e+01
1.170000e+00 1.140685e+01 1.160461e+01
1.180000e+00 1.127635e+01 1.083124e+01
1.190000e+00 1.149509e+01 1.028821e+01
1.200000e+00 1.072999e+01 1.152979e+01
1.210000e+00 8.586136e+00 1.148239e+01
1.220000e+00 7.234022e+00 1.083976e+01
1.230000e+00 6.989264e+00 9.459861e+00
1.240000e+00 6.861642e+00 8.069619e+00
