0.000000    0.000000    0.000000    0.000000    0.000000    0.000000    0.000000    0.000000    0.000000    0.000000    0.000000    0.000000    0.000000    0.000000    0.000000    0.000000    0.000000    0.000000    0.000000    0.000000    0.000000    0.000000    0.000000    0.000000    0.000000    0.000000    0.000000    0.000000    0.000000    0.000000    0.000000    0.000000    0.000000    
5.000000    0.000000    0.000000    0.000000    0.000000    0.000000    0.000000    0.000000    0.000000    0.000000    0.000000    0.000000    0.000000    0.000000    0.000000    0.000000    0.000000    0.000000    0.000000    0.000000    0.000000    0.000000    0.000000    0.000000    0.000000    0.000000    0.000000    0.000000    0.000000    0.000000    0.000000    0.000000    0.000000    
10.000000    0.000000    0.000000    0.000000    0.000000    0.000000    0.000000    0.000000    0.000000    0.000000    0.000000    0.000000    0.000000    0.000000    0.000000    0.000000    0.000000    0.000000    0.000000    0.000000    0.000000    0.000000    0.000000    0.000000    0.000000    0.000000    0.000000    0.000000    0.000000    0.000000    0.000000    0.000000    0.000000    
15.000000    0.000000    0.000000    0.000000    0.000000    0.000000    0.000000    0.000000    0.000000    0.000000    0.000000    0.000000    0.000000    0.000000    0.000000    0.000000    0.000000    0.000000    0.000000    0.000000    0.000000    0.000000    0.000000    0.000000    0.000000    0.000000    0.000000    0.000000    0.000000    0.000000    0.000000    0.000000    0.000000    
20.000000    0.000000    0.000000    0.000000    0.000000    0.000000    0.000000    0.000000    0.000000    0.000000    0.000000    0.000000    0.000000    0.000000    0.000000    0.000000    0.000000    0.000000    0.000000    0.000000    0.000000    0.000000    0.000000    0.000000    0.000000    0.000000    0.000000    0.000000    0.000000    0.000000    0.000000    0.000000    0.000000    
25.000000    0.000000    0.000000    0.000000    0.000000    0.000000    0.000000    0.000000    0.000000    0.000000    0.000000    0.000000    0.000000    0.000000    0.000000    0.000000    0.000000    0.000000    0.000000    0.000000    0.000000    0.000000    0.000000    0.000000    0.000000    0.000000    0.000000    0.000000    0.000000    0.000000    0.000000    0.000000    0.000000    
30.000000    0.000000    0.000000    0.000000    0.000000    0.000000    0.000000    0.000000    0.000000    0.000000    0.000000    0.000000    0.000000    0.000000    0.000000    0.000000    0.000000    0.000000    0.000000    0.000000    0.000000    0.000000    0.000000    0.000000    0.000000    0.000000    0.000000    0.000000    0.000000    0.000000    0.000000    0.000000    0.000000    
35.000000    0.000000    0.000000    0.000000    0.000000    0.000000    0.000000    0.000000    0.000000    0.000000    0.000000    0.000000    0.000000    0.000000    0.000000    0.000000    0.000000    0.000000    0.000000    0.000000    0.000000    0.000000    0.000000    0.000000    0.000000    0.000000    0.000000    0.000000    0.000000    0.000000    0.000000    0.000000    0.000000    
40.000000    0.000000    0.000000    0.000000    0.000000    0.000000    0.000000    0.000000    0.000000    0.000000    0.000000    0.000000    0.000000    0.000000    0.000000    0.000000    0.000000    0.000000    0.000000    0.000000    0.000000    0.000000    0.000000    0.000000    0.000000    0.000000    0.000000    0.000000    0.000000    0.000000    0.000000    0.000000    0.000000    
45.000000    0.000000    0.000000    0.000000    0.000000    0.000000    0.000000    0.000000    0.000000    0.000000    0.000000    0.000000    0.000000    0.000000    0.000000    0.000000    0.000000    0.000000    0.000000    0.000000    0.000000    0.000000    0.000000    0.000000    0.000000    0.000000    0.000000    0.000000    0.000000    0.000000    0.000000    0.000000    0.000000    
50.000000    0.000000    0.000000    0.000000    0.000000    0.000000    0.000000    0.000000    0.000000    0.000000    0.000000    0.000000    0.000000    0.000000    0.000000    0.000000    0.000000    0.000000    0.000000    0.000000    0.000000    0.000000    0.000000    0.000000    0.000000    0.000000    0.000000    0.000000    0.000000    0.000000    0.000000    0.000000    0.000000    
55.000000    0.000000    0.000000    0.000000    0.000000    0.000000    0.000000    0.000000    0.000000    0.000000    0.000000    0.000000    0.000000    0.000000    0.000000    0.000000    0.000000    0.000000    0.000000    0.000000    0.000000    0.000000    0.000000    0.000000    0.000000    0.000000    0.000000    0.000000    0.000000    0.000000    0.000000    0.000000    0.000000    
60.000000    0.000000    0.000000    0.000000    0.000000    0.000000    0.000000    0.000000    0.000000    0.000000    0.000000    0.000000    0.000000    0.000000    0.000000    0.000000    0.000000    0.000000    0.000000    0.000000    0.000000    0.000000    0.000000    0.000000    0.000000    0.000000    0.000000    0.000000    0.000000    0.000000    0.000000    0.000000    0.000000    
65.000000    0.000000    0.000000    0.000000    0.000000    0.000000    0.000000    0.000000    0.000000    0.000000    0.000000    0.000000    0.000000    0.000000    0.000000    0.000000    0.000000    0.000000    0.000000    0.000000    0.000000    0.000000    0.000000    0.000000    0.000000    0.000000    0.000000    0.000000    0.000000    0.000000    0.000000    0.000000    0.000000    
70.000000    0.000000    0.000000    0.000000    0.000000    0.000000    0.000000    0.000000    0.000000    0.000000    0.000000    0.000000    0.000000    0.000000    0.000000    0.000000    0.000000    0.000000    0.000000    0.000000    0.000000    0.000000    0.000000    0.000000    0.000000    0.000000    0.000000    0.000000    0.000000    0.000000    0.000000    0.000000    0.000000    
75.000000    0.000000    0.000000    0.000000    0.000000    0.000000    0.000000    0.000000    0.000000    0.000000    0.000000    0.000000    0.000000    0.000000    0.000000    0.000000    0.000000    0.000000    0.000000    0.000000    0.000000    0.000000    0.000000    0.000000    0.000000    0.000000    0.000000    0.000000    0.000000    0.000000    0.000000    0.000000    0.000000    
80.000000    0.000000    0.000000    0.000000    0.000000    0.000000    0.000000    0.000000    0.000000    0.000000    0.000000    0.000000    0.000000    0.000000    0.000000    0.000000    0.000000    0.000000    0.000000    0.000000    0.000000    0.000000    0.000000    0.000000    0.000000    0.000000    0.000000    0.000000    0.000000    0.000000    0.000000    0.000000    0.000000    
85.000000    0.000000    0.000000    0.000000    0.000000    0.000000    0.000000    0.000000    0.000000    0.000000    0.000000    0.000000    0.000000    0.000000    0.000000    0.000000    0.000000    0.000000    0.000000    0.000000    0.000000    0.000000    0.000000    0.000000    0.000000    0.000000    0.000000    0.000000    0.000000    0.000000    0.000000    0.000000    0.000000    
90.000000    0.000000    0.000000    0.000000    0.000000    0.000000    0.000000    0.000000    0.000000    0.000000    0.000000    0.000000    0.000000    0.000000    0.000000    0.000000    0.000000    0.000000    0.000000    0.000000    0.000000    0.000000    0.000000    0.000000    0.000000    0.000000    0.000000    0.000000    0.000000    0.000000    0.000000    0.000000    0.000000    
95.000000    0.000000    0.000000    0.000000    0.000000    0.000000    0.000000    0.000000    0.000000    0.000000    0.000000    0.000000    0.000000    0.000000    0.000000    0.000000    0.000000    0.000000    0.000000    0.000000    0.000000    0.000000    0.000000    0.000000    0.000000    0.000000    0.000000    0.000000    0.000000    0.000000    0.000000    0.000000    0.000000    
100.000000    0.000000    0.000000    0.000000    0.000000    0.000000    0.000000    0.000000    0.000000    0.000000    0.000000    0.000000    0.000000    0.000000    0.000000    0.000000    0.000000    0.000000    0.000000    0.000000    0.000000    0.000000    0.000000    0.000000    0.000000    0.000000    0.000000    0.000000    0.000000    0.000000    0.000000    0.000000    0.000000    
105.000000    0.000000    0.000000    0.000000    0.000000    0.000000    0.000000    0.000000    0.000000    0.000000    0.000000    0.000000    0.000000    0.000000    0.000000    0.000000    0.000000    0.000000    0.000000    0.000000    0.000000    0.000000    0.000000    0.000000    0.000000    0.000000    0.000000    0.000000    0.000000    0.000000    0.000000    0.000000    0.000000    
110.000000    0.000000    0.000000    0.000000    0.000000    0.000000    0.000000    0.000000    0.000000    0.000000    0.000000    0.000000    0.000000    0.000000    0.000000    0.000000    0.000000    0.000000    0.000000    0.000000    0.000000    0.000000    0.000000    0.000000    0.000000    0.000000    0.000000    0.000000    0.000000    0.000000    0.000000    0.000000    0.000000    
115.000000    0.000000    0.000000    0.000000    0.000000    0.000000    0.000000    0.000000    0.000000    0.000000    0.000000    0.000000    0.000000    0.000000    0.000000    0.000000    0.000000    0.000000    0.000000    0.000000    0.000000    0.000000    0.000000    0.000000    0.000000    0.000000    0.000000    0.000000    0.000000    0.000000    0.000000    0.000000    0.000000    
120.000000    0.000000    0.000000    0.000000    0.000000    0.000000    0.000000    0.000000    0.000000    0.000000    0.000000    0.000000    0.000000    0.000000    0.000000    0.000000    0.000000    0.000000    0.000000    0.000000    0.000000    0.000000    0.000000    0.000000    0.000000    0.000000    0.000000    0.000000    0.000000    0.000000    0.000000    0.000000    0.000000    
125.000000    0.000000    0.000000    0.000000    0.000000    0.000000    0.000000    0.000000    0.000000    0.000000    0.000000    0.000000    0.000000    0.000000    0.000000    0.000000    0.000000    0.000000    0.000000    0.000000    0.000000    0.000000    0.000000    0.000000    0.000000    0.000000    0.000000    0.000000    0.000000    0.000000    0.000000    0.000000    0.000000    
130.000000    0.000000    0.000000    0.000000    0.000000    0.000000    0.000000    0.000000    0.000000    0.000000    0.000000    0.000000    0.000000    0.000000    0.000000    0.000000    0.000000    0.000000    0.000000    0.000000    0.000000    0.000000    0.000000    0.000000    0.000000    0.000000    0.000000    0.000000    0.000000    0.000000    0.000000    0.000000    0.000000    
135.000000    0.000000    0.000000    0.000000    0.000000    0.000000    0.000000    0.000000    0.000000    0.000000    0.000000    0.000000    0.000000    0.000000    0.000000    0.000000    0.000000    0.000000    0.000000    0.000000    0.000000    0.000000    0.000000    0.000000    0.000000    0.000000    0.000000    0.000000    0.000000    0.000000    0.000000    0.000000    0.000000    
140.000000    2.487872    2.487872    2.635386    2.487872    2.094450    2.094450    2.258183    2.094450    2.277598    2.277598    2.635051    2.277598    2.629977    2.629977    0.000000    2.629977    2.215220    2.000206    2.387648    2.155462    2.326046    2.442576    2.215220    2.000206    1.900130    0.000000    2.057538    0.000000    2.185509    2.257590    1.900130    0.000000    
145.000000    2.103986    2.103986    1.917539    2.103986    1.809351    1.809351    1.920625    1.809351    2.000752    2.000752    2.001341    2.000752    1.995404    1.995404    1.896787    1.995404    1.915644    1.727007    2.091024    2.122315    1.915148    1.951514    1.915644    1.727007    1.656996    2.786078    1.957913    2.263432    1.844433    1.840962    1.656996    2.786078    
150.000000    1.885546    1.885546    1.755558    1.885546    1.731032    1.731032    1.801637    1.731032    1.897392    1.897392    1.825775    1.897392    1.756495    1.756495    1.704317    1.756495    1.769446    1.634185    2.027504    1.936947    1.771070    1.816310    1.769446    1.634185    1.584538    2.609509    1.834357    2.194405    1.729091    1.707239    1.584538    2.609509    
155.000000    1.705221    1.705221    1.694861    1.705221    1.695130    1.695130    1.745110    1.695130    1.836994    1.836994    1.759447    1.836994    1.669740    1.669740    1.648751    1.669740    1.674285    1.590369    2.005181    1.744495    1.699389    1.763500    1.674285    1.590369    1.554787    2.472699    1.712786    2.274303    1.670234    1.649305    1.554787    2.472699    
160.000000    1.804704    1.804704    1.629431    1.804704    1.667962    1.667962    1.739327    1.667962    1.792756    1.792756    1.722368    1.792756    1.829181    1.829181    1.568217    1.829181    1.697712    1.573150    1.943587    1.698842    1.689635    1.777937    1.697712    1.573150    1.558803    2.310583    1.622319    1.937874    1.645062    1.644108    1.558803    2.310583    
165.000000    1.784289    1.784289    1.585094    1.784289    1.635258    1.635258    1.713906    1.635258    1.750913    1.750913    1.736545    1.750913    1.829626    1.829626    1.607039    1.829626    1.664692    1.545417    1.937317    1.664349    1.675005    1.757624    1.664692    1.545417    1.525389    2.231019    1.585296    1.815844    1.634959    1.628792    1.525389    2.231019    
170.000000    1.660560    1.660560    1.541944    1.660560    1.593583    1.593583    1.625587    1.593583    1.699825    1.699825    1.794519    1.699825    1.712435    1.712435    1.737324    1.712435    1.575438    1.493349    1.963024    1.627926    1.646718    1.708796    1.575438    1.493349    1.457930    2.209905    1.572605    1.814622    1.623294    1.601673    1.457930    2.209905    
175.000000    1.664968    1.664968    1.586884    1.664968    1.589059    1.589059    1.969085    1.589059    1.724892    1.724892    1.762138    1.724892    1.686485    1.686485    1.786850    1.686485    1.599730    1.554589    2.063300    1.604426    1.680464    1.685309    1.599730    1.554589    1.430387    2.154107    1.624107    2.032169    1.688510    1.593760    1.430387    2.154107    
180.000000    1.677927    1.677927    1.615589    1.677927    1.581300    1.581300    2.146889    1.581300    1.735228    1.735228    1.725857    1.735228    1.644470    1.644470    1.771261    1.644470    1.628784    1.614415    2.077627    1.591543    1.703461    1.673428    1.628784    1.614415    1.445473    2.073101    1.644783    2.163135    1.730487    1.593698    1.445473    2.073101    
185.000000    1.687310    1.687310    1.598526    1.687310    1.552179    1.552179    1.954791    1.552179    1.694238    1.694238    1.706761    1.694238    1.478048    1.478048    1.646705    1.478048    1.589187    1.642996    1.890366    1.590607    1.706014    1.675427    1.589187    1.642996    1.518914    1.930546    1.594549    2.179136    1.724174    1.613739    1.518914    1.930546    
190.000000    1.643444    1.643444    1.586158    1.643444    1.541072    1.541072    1.822131    1.541072    1.685494    1.685494    1.682854    1.685494    1.537004    1.537004    1.614568    1.537004    1.719905    1.697709    1.868183    1.592364    1.684035    1.672999    1.719905    1.697709    1.596538    1.893532    1.576108    1.999062    1.710973    1.594367    1.596538    1.893532    
195.000000    1.593079    1.593079    1.574863    1.593079    1.538214    1.538214    1.724070    1.538214    1.687334    1.687334    1.658438    1.687334    1.659988    1.659988    1.613109    1.659988    1.874785    1.745446    1.897552    1.593336    1.652904    1.665799    1.874785    1.745446    1.658422    1.878960    1.567114    1.779977    1.693987    1.564863    1.658422    1.878960    
200.000000    1.655188    1.655188    1.549147    1.655188    1.543094    1.543094    1.684654    1.543094    1.673641    1.673641    1.636380    1.673641    1.688568    1.688568    1.582761    1.688568    1.751413    1.676879    1.845302    1.583190    1.605666    1.627686    1.751413    1.676879    1.606338    1.694875    1.509232    1.731297    1.664143    1.566914    1.606338    1.694875    
205.000000    1.666864    1.666864    1.538997    1.666864    1.554258    1.554258    1.670959    1.554258    1.671341    1.671341    1.627957    1.671341    1.657376    1.657376    1.562604    1.657376    1.666257    1.612993    1.825947    1.572403    1.584167    1.609033    1.666257    1.612993    1.551702    1.627817    1.513482    1.764121    1.637369    1.563951    1.551702    1.627817    
210.000000    1.601175    1.601175    1.537347    1.601175    1.540061    1.540061    1.668772    1.540061    1.646487    1.646487    1.632154    1.646487    1.486006    1.486006    1.551525    1.486006    1.577167    1.497912    1.839833    1.547521    1.579064    1.606692    1.577167    1.497912    1.463320    1.662425    1.606069    1.930608    1.602517    1.548636    1.463320    1.662425    
215.000000    1.637491    1.637491    1.561140    1.637491    1.666103    1.666103    1.684294    1.666103    1.772414    1.772414    1.627939    1.772414    1.694687    1.694687    1.534865    1.694687    1.725228    1.642920    1.858806    1.574223    1.596996    1.610974    1.725228    1.642920    1.532325    1.769812    1.589429    1.748782    1.598092    1.548864    1.532325    1.769812    
220.000000    1.668056    1.668056    1.575169    1.668056    1.744946    1.744946    1.698104    1.744946    1.851357    1.851357    1.626433    1.851357    1.857344    1.857344    1.531340    1.857344    1.818289    1.738393    1.869058    1.598929    1.610169    1.614469    1.818289    1.738393    1.579212    1.808705    1.559260    1.653235    1.605946    1.555374    1.579212    1.808705    
225.000000    1.633198    1.633198    1.545554    1.633198    1.595093    1.595093    1.711895    1.595093    1.694085    1.694085    1.638213    1.694085    1.728388    1.728388    1.570093    1.728388    1.650353    1.564231    1.852051    1.594469    1.596465    1.613308    1.650353    1.564231    1.484043    1.609862    1.536976    2.043571    1.638269    1.573751    1.484043    1.609862    
230.000000    1.616565    1.616565    1.543899    1.616565    1.627565    1.627565    1.693928    1.627565    1.729837    1.729837    1.643866    1.729837    1.662482    1.662482    1.582051    1.662482    1.575090    1.512039    1.852482    1.595732    1.601298    1.611876    1.575090    1.512039    1.449029    1.563112    1.547855    2.074532    1.642638    1.579235    1.449029    1.563112    
235.000000    1.609749    1.609749    1.556328    1.609749    1.753738    1.753738    1.660310    1.753738    1.864878    1.864878    1.646735    1.864878    1.632221    1.632221    1.580771    1.632221    1.548454    1.523281    1.861894    1.600382    1.615785    1.610355    1.548454    1.523281    1.445193    1.593755    1.574789    1.925174    1.633421    1.578429    1.445193    1.593755    
240.000000    1.599623    1.599623    1.577799    1.599623    1.653108    1.653108    1.672130    1.653108    1.746035    1.746035    1.610854    1.746035    1.535899    1.535899    1.547803    1.535899    1.541597    1.497422    1.856886    1.602783    1.601047    1.614879    1.541597    1.497422    1.447224    1.545077    1.568513    1.754233    1.606434    1.573182    1.447224    1.545077    
245.000000    1.606813    1.606813    1.584986    1.606813    1.591337    1.591337    1.680311    1.591337    1.667148    1.667148    1.596044    1.667148    1.544731    1.544731    1.535517    1.544731    1.545820    1.487280    1.853824    1.595743    1.594127    1.615420    1.545820    1.487280    1.450127    1.547161    1.557852    1.696736    1.594217    1.569623    1.450127    1.547161    
250.000000    1.642139    1.642139    1.564717    1.642139    1.617262    1.617262    1.669395    1.617262    1.671800    1.671800    1.612100    1.671800    1.744367    1.744367    1.551952    1.744367    1.561969    1.501125    1.841624    1.562137    1.597632    1.605263    1.561969    1.501125    1.452820    1.653275    1.546600    1.819953    1.594868    1.562047    1.452820    1.653275    
255.000000    1.662833    1.662833    1.576823    1.662833    1.603581    1.603581    1.690044    1.603581    1.664327    1.664327    1.624973    1.664327    1.762675    1.762675    1.565644    1.762675    1.574342    1.514508    1.877943    1.582339    1.609483    1.607589    1.574342    1.514508    1.458360    1.654381    1.523101    1.765379    1.616039    1.575230    1.458360    1.654381    
260.000000    1.667800    1.667800    1.594238    1.667800    1.582639    1.582639    1.710274    1.582639    1.654600    1.654600    1.632631    1.654600    1.726448    1.726448    1.576094    1.726448    1.581293    1.522899    1.913426    1.607818    1.620968    1.616600    1.581293    1.522899    1.462339    1.628162    1.512689    1.695182    1.637109    1.590661    1.462339    1.628162    
265.000000    1.609336    1.609336    1.596423    1.609336    1.571287    1.571287    1.685848    1.571287    1.651301    1.651301    1.620868    1.651301    1.663078    1.663078    1.576848    1.663078    1.572737    1.508641    1.892759    1.596166    1.627781    1.645531    1.572737    1.508641    1.456625    1.590117    1.580589    1.739987    1.642486    1.595521    1.456625    1.590117    
270.000000    1.606515    1.606515    1.603941    1.606515    1.569060    1.569060    1.690433    1.569060    1.643408    1.643408    1.619739    1.643408    1.639213    1.639213    1.582180    1.639213    1.566198    1.509288    1.886216    1.591413    1.624699    1.654201    1.566198    1.509288    1.453870    1.600799    1.600777    1.802794    1.638335    1.596244    1.453870    1.600799    
275.000000    1.653890    1.653890    1.620165    1.653890    1.569975    1.569975    1.721552    1.569975    1.629995    1.629995    1.625970    1.629995    1.645521    1.645521    1.595668    1.645521    1.562877    1.525327    1.891973    1.594249    1.615369    1.648440    1.562877    1.525327    1.451359    1.656215    1.586256    1.901059    1.628468    1.594177    1.451359    1.656215    
280.000000    1.619865    1.619865    1.608564    1.619865    1.594882    1.594882    1.712116    1.594882    1.627399    1.627399    1.640502    1.627399    1.615938    1.615938    1.576447    1.615938    1.541308    1.507158    1.889841    1.583417    1.604900    1.653388    1.541308    1.507158    1.463693    1.621185    1.578256    1.824728    1.619060    1.602295    1.463693    1.621185    
285.000000    1.595914    1.595914    1.597084    1.595914    1.602478    1.602478    1.706206    1.602478    1.629580    1.629580    1.643322    1.629580    1.602210    1.602210    1.563402    1.602210    1.535919    1.495332    1.889900    1.578151    1.598544    1.650343    1.535919    1.495332    1.471405    1.600684    1.574492    1.754494    1.612778    1.600726    1.471405    1.600684    
290.000000    1.604462    1.604462    1.595646    1.604462    1.556586    1.556586    1.736484    1.556586    1.645328    1.645328    1.624248    1.645328    1.630357    1.630357    1.569194    1.630357    1.563707    1.502338    1.895754    1.586948    1.596661    1.626700    1.563707    1.502338    1.461714    1.647924    1.581393    1.724348    1.608660    1.566161    1.461714    1.647924    
295.000000    1.628709    1.628709    1.584636    1.628709    1.570582    1.570582    1.706727    1.570582    1.634537    1.634537    1.607333    1.634537    1.633851    1.633851    1.568900    1.633851    1.582261    1.507283    1.897753    1.589862    1.601457    1.616636    1.582261    1.507283    1.471325    1.643622    1.569543    1.734754    1.612383    1.579766    1.471325    1.643622    
300.000000    1.653656    1.653656    1.571968    1.653656    1.602975    1.602975    1.660343    1.602975    1.616184    1.616184    1.593833    1.616184    1.629499    1.629499    1.568496    1.629499    1.596119    1.511865    1.900204    1.590718    1.607519    1.612668    1.596119    1.511865    1.486445    1.615366    1.553261    1.756117    1.617738    1.605657    1.486445    1.615366    
305.000000    1.631988    1.631988    1.575561    1.631988    1.597385    1.597385    1.655830    1.597385    1.612038    1.612038    1.600786    1.612038    1.618080    1.618080    1.596927    1.618080    1.605750    1.528717    1.920637    1.592987    1.602448    1.617629    1.605750    1.528717    1.488268    1.519029    1.556950    1.738719    1.612414    1.572243    1.488268    1.519029    
310.000000    1.625299    1.625299    1.578488    1.625299    1.597356    1.597356    1.664192    1.597356    1.618356    1.618356    1.605512    1.618356    1.646896    1.646896    1.605191    1.646896    1.608579    1.530423    1.936109    1.596496    1.600570    1.618423    1.608579    1.530423    1.487425    1.491030    1.562979    1.737163    1.608080    1.561673    1.487425    1.491030    
315.000000    1.639459    1.639459    1.578747    1.639459    1.606965    1.606965    1.686377    1.606965    1.635509    1.635509    1.601019    1.635509    1.761866    1.761866    1.591001    1.761866    1.604387    1.509641    1.950284    1.603301    1.597953    1.607022    1.604387    1.509641    1.478161    1.537373    1.573641    1.728991    1.604603    1.578832    1.478161    1.537373    
320.000000    1.630701    1.630701    1.582636    1.630701    1.611586    1.611586    1.688330    1.611586    1.642168    1.642168    1.620180    1.642168    1.698889    1.698889    1.587328    1.698889    1.602991    1.513904    1.943568    1.597815    1.610082    1.627560    1.602991    1.513904    1.494198    1.545634    1.567386    1.835041    1.604769    1.586997    1.494198    1.545634    
325.000000    1.631241    1.631241    1.585293    1.631241    1.614487    1.614487    1.687291    1.614487    1.647800    1.647800    1.634318    1.647800    1.633451    1.633451    1.584374    1.633451    1.605380    1.524972    1.944123    1.597370    1.622543    1.642718    1.605380    1.524972    1.510206    1.551443    1.563499    1.898468    1.604093    1.590357    1.510206    1.551443    
330.000000    1.678149    1.678149    1.574710    1.678149    1.608309    1.608309    1.683162    1.608309    1.659092    1.659092    1.619091    1.659092    1.640188    1.640188    1.571699    1.640188    1.612244    1.536739    1.968059    1.613441    1.626325    1.625110    1.612244    1.536739    1.504801    1.569308    1.572317    1.764823    1.585229    1.578881    1.504801    1.569308    
335.000000    1.684814    1.684814    1.585799    1.684814    1.618046    1.618046    1.692532    1.618046    1.661394    1.661394    1.618169    1.661394    1.669412    1.669412    1.571992    1.669412    1.625104    1.554956    1.998367    1.628504    1.633534    1.618366    1.625104    1.554956    1.522307    1.590988    1.583164    1.743774    1.603244    1.588928    1.522307    1.590988    
340.000000    1.668842    1.668842    1.608211    1.668842    1.635119    1.635119    1.708184    1.635119    1.658382    1.658382    1.624395    1.658382    1.708677    1.708677    1.578392    1.708677    1.640864    1.576819    2.031258    1.641972    1.642025    1.617107    1.640864    1.576819    1.552108    1.614711    1.594839    1.782679    1.640693    1.610312    1.552108    1.614711    
345.000000    1.723191    1.723191    1.614551    1.723191    1.687851    1.687851    1.737232    1.687851    1.689660    1.689660    1.652375    1.689660    1.746968    1.746968    1.599356    1.746968    1.650481    1.585276    2.067894    1.680925    1.670051    1.629698    1.650481    1.585276    1.564841    1.628348    1.600191    1.805304    1.653596    1.613410    1.564841    1.628348    
350.000000    1.753843    1.753843    1.627519    1.753843    1.712832    1.712832    1.763650    1.712832    1.701962    1.701962    1.668441    1.701962    1.756856    1.756856    1.618726    1.756856    1.667767    1.591225    2.099685    1.713875    1.694319    1.646568    1.667767    1.591225    1.576328    1.637114    1.610933    1.830755    1.659505    1.624233    1.576328    1.637114    
355.000000    1.744916    1.744916    1.661555    1.744916    1.693819    1.693819    1.780738    1.693819    1.673175    1.673175    1.657409    1.673175    1.722730    1.722730    1.635623    1.722730    1.700832    1.593013    2.142211    1.744700    1.712568    1.671156    1.700832    1.593013    1.592753    1.631056    1.625991    1.863572    1.653066    1.649648    1.592753    1.631056    
360.000000    1.742202    1.742202    1.663806    1.742202    1.692079    1.692079    1.821070    1.692079    1.684643    1.684643    1.680047    1.684643    1.717312    1.717312    1.650106    1.717312    1.719308    1.610296    2.119155    1.745873    1.728831    1.681595    1.719308    1.610296    1.598998    1.666953    1.653084    1.890840    1.672167    1.665927    1.598998    1.666953    
365.000000    1.740613    1.740613    1.658595    1.740613    1.698052    1.698052    1.854823    1.698052    1.706585    1.706585    1.705962    1.706585    1.725071    1.725071    1.661797    1.725071    1.730975    1.624780    2.100154    1.745835    1.742999    1.688551    1.730975    1.624780    1.602320    1.700685    1.678357    1.917617    1.694953    1.680455    1.602320    1.700685    
370.000000    1.730848    1.730848    1.653622    1.730848    1.701438    1.701438    1.826748    1.701438    1.725663    1.725663    1.705403    1.725663    1.760713    1.760713    1.667003    1.760713    1.731355    1.604220    2.187375    1.777606    1.749981    1.701127    1.731355    1.604220    1.605790    1.642631    1.675495    1.973379    1.706782    1.698867    1.605790    1.642631    
375.000000    1.729150    1.729150    1.661956    1.729150    1.731223    1.731223    1.824244    1.731223    1.738082    1.738082    1.707691    1.738082    1.774182    1.774182    1.668038    1.774182    1.736352    1.599296    2.226375    1.798356    1.751926    1.693894    1.736352    1.599296    1.608454    1.671151    1.690920    1.973073    1.707323    1.700001    1.608454    1.671151    
380.000000    1.718033    1.718033    1.672877    1.718033    1.783420    1.783420    1.836422    1.783420    1.739397    1.739397    1.706832    1.739397    1.776269    1.776269    1.658750    1.776269    1.745104    1.599385    2.206296    1.801160    1.710147    1.609054    1.745104    1.599385    1.605269    1.783307    1.720421    1.918489    1.679001    1.609032    1.605269    1.783307    
385.000000    1.817672    1.817672    1.725777    1.817672    1.824277    1.824277    1.881558    1.824277    1.797885    1.797885    1.742355    1.797885    1.730078    1.730078    1.695314    1.730078    1.749550    1.640528    2.362074    1.865401    1.964753    1.984788    1.749550    1.640528    1.630309    1.781195    1.752300    1.954577    1.801410    2.108616    1.630309    1.781195    
390.000000    1.870001    1.870001    1.763276    1.870001    1.841195    1.841195    1.914660    1.841195    1.825459    1.825459    1.772403    1.825459    1.722469    1.722469    1.725690    1.722469    1.758500    1.673255    2.435730    1.911325    2.097521    2.180053    1.758500    1.673255    1.655011    1.766154    1.773247    1.986110    1.872197    2.361125    1.655011    1.766154    
395.000000    1.794074    1.794074    1.761657    1.794074    1.818989    1.818989    1.917780    1.818989    1.769152    1.769152    1.786532    1.769152    1.825835    1.825835    1.725209    1.825835    1.776412    1.685089    2.304261    1.928273    1.890385    1.875706    1.776412    1.685089    1.673014    1.732333    1.763264    1.968090    1.794223    1.946416    1.673014    1.732333    
400.000000    1.783384    1.783384    1.769899    1.783384    1.802678    1.802678    1.925127    1.802678    1.766153    1.766153    1.793526    1.766153    1.832378    1.832378    1.750106    1.832378    1.798713    1.688142    2.238431    1.895963    1.855687    1.794689    1.798713    1.688142    1.693035    1.798115    1.786113    2.000428    1.783270    1.820996    1.693035    1.798115    
405.000000    1.794682    1.794682    1.781324    1.794682    1.792801    1.792801    1.934841    1.792801    1.781670    1.781670    1.798080    1.781670    1.803134    1.803134    1.782349    1.803134    1.818666    1.687716    2.202000    1.849595    1.887051    1.803919    1.818666    1.687716    1.709940    1.886978    1.821925    2.048083    1.798321    1.814043    1.709940    1.886978    
410.000000    1.743605    1.743605    1.782548    1.743605    1.845095    1.845095    1.953356    1.845095    1.749190    1.749190    1.803455    1.749190    1.785091    1.785091    1.793415    1.785091    1.791797    1.685549    2.182204    1.849415    1.883906    1.800661    1.791797    1.685549    1.684318    1.812952    1.863392    2.066556    1.801966    1.807707    1.684318    1.812952    
415.000000    1.731311    1.731311    1.785112    1.731311    1.846957    1.846957    1.963090    1.846957    1.756364    1.756364    1.810225    1.756364    1.794382    1.794382    1.794956    1.794382    1.782704    1.681464    2.168289    1.846057    1.877604    1.806554    1.782704    1.681464    1.668183    1.767805    1.893718    2.057046    1.803579    1.806037    1.668183    1.767805    
420.000000    1.757467    1.757467    1.790540    1.757467    1.775921    1.775921    1.975739    1.775921    1.818791    1.818791    1.826620    1.818791    1.856866    1.856866    1.788459    1.856866    1.804414    1.660165    2.162502    1.825019    1.869542    1.830873    1.804414    1.660165    1.666864    1.772564    1.906272    2.027449    1.807925    1.813258    1.666864    1.772564    
425.000000    1.732698    1.732698    1.773294    1.732698    1.750815    1.750815    1.933502    1.750815    1.811656    1.811656    1.795281    1.811656    1.796684    1.796684    1.771609    1.796684    1.766848    1.664555    2.089264    1.808740    1.856081    1.810157    1.766848    1.664555    1.617143    1.699071    1.961212    1.940257    1.773073    1.790403    1.617143    1.699071    
430.000000    1.772571    1.772571    1.780070    1.772571    1.768684    1.768684    1.910091    1.768684    1.819264    1.819264    1.785992    1.819264    1.757002    1.757002    1.774204    1.757002    1.754022    1.703540    2.078364    1.831676    1.857963    1.804580    1.754022    1.703540    1.614146    1.677151    1.996826    1.915835    1.770929    1.783324    1.614146    1.677151    
435.000000    1.772571    1.772571    1.780070    1.772571    1.768684    1.768684    1.910091    1.768684    1.819264    1.819264    1.785992    1.819264    0.073730    0.073730    1.774204    0.073730    1.754022    1.703540    2.078364    1.831676    0.709357    0.893627    1.754022    1.703540    1.614146    1.677151    1.996826    1.915835    0.484974    0.565358    1.614146    1.677151    
440.000000    1.448385    1.448385    1.780070    1.448385    0.235135    0.235135    1.910091    0.235135    0.531668    0.531668    1.785992    0.531668    0.550287    0.550287    1.774204    0.550287    1.754022    1.703540    2.078364    1.831676    0.751211    0.348036    1.754022    1.703540    1.614146    1.677151    1.996826    1.915835    0.907213    0.377709    1.614146    1.677151    
445.000000    1.448385    1.448385    1.780070    1.448385    0.741119    0.741119    1.910091    0.741119    1.773684    1.773684    1.785992    1.773684    1.115513    1.115513    1.774204    1.115513    1.754022    1.703540    2.078364    1.831676    0.565462    0.348036    1.754022    1.703540    1.614146    1.677151    1.996826    1.915835    1.410108    0.377709    1.614146    1.677151    
450.000000    1.448385    1.448385    1.780070    1.448385    0.741119    0.741119    1.910091    0.741119    1.773684    1.773684    1.785992    1.773684    1.115513    1.115513    1.774204    1.115513    1.754022    1.703540    2.078364    1.831676    0.565462    0.348036    1.754022    1.703540    1.614146    1.677151    1.996826    1.915835    1.410108    0.377709    1.614146    1.677151    
455.000000    1.448385    1.448385    1.780070    1.448385    0.741119    0.741119    1.910091    0.741119    1.773684    1.773684    1.785992    1.773684    1.115513    1.115513    1.774204    1.115513    1.754022    1.703540    2.078364    1.831676    0.565462    0.348036    1.754022    1.703540    1.614146    1.677151    1.996826    1.915835    1.410108    0.377709    1.614146    1.677151    
460.000000    1.448385    1.448385    1.780070    1.448385    0.741119    0.741119    1.910091    0.741119    1.773684    1.773684    1.785992    1.773684    1.115513    1.115513    1.774204    1.115513    1.754022    1.703540    2.078364    1.831676    0.565462    0.348036    1.754022    1.703540    1.614146    1.677151    1.996826    1.915835    1.410108    0.377709    1.614146    1.677151    
465.000000    2.583173    2.583173    2.468125    2.583173    2.651142    2.651142    2.607212    2.651142    2.445419    2.445419    2.354969    2.445419    2.440834    2.440834    2.365369    2.440834    2.285730    2.361775    2.078364    2.455353    2.465071    2.517249    2.285730    2.361775    2.432815    2.304234    2.273846    2.725292    2.387248    2.453128    2.432815    2.304234    
470.000000    1.877506    1.877506    1.949950    1.877506    1.951222    1.951222    2.095200    1.951222    1.839125    1.839125    1.911462    1.839125    1.842629    1.842629    1.936806    1.842629    1.904768    1.846505    2.437603    1.938243    2.017221    2.001532    1.904768    1.846505    1.858278    1.937640    1.896555    2.119543    1.955754    1.953755    1.858278    1.937640    
475.000000    1.877506    1.877506    1.863556    1.877506    1.902035    1.902035    2.057605    1.902035    1.748008    1.748008    1.867749    1.748008    1.773230    1.773230    1.835334    1.773230    1.801527    1.749224    2.322513    1.861476    1.958089    1.881168    1.801527    1.749224    1.735149    1.842158    1.849309    2.015475    1.890072    1.850304    1.735149    1.842158    
480.000000    1.877506    1.877506    1.831253    1.877506    1.828614    1.828614    1.997793    1.828614    1.703953    1.703953    1.838487    1.703953    1.751314    1.751314    1.800366    1.751314    1.768080    1.708461    2.254235    1.821212    1.916316    1.820084    1.768080    1.708461    1.690419    1.813739    1.821982    1.978683    1.848019    1.814846    1.690419    1.813739    
485.000000    1.906719    1.906719    1.815443    1.906719    1.668192    1.668192    1.871884    1.668192    1.649784    1.649784    1.785925    1.649784    1.736272    1.736272    1.799738    1.736272    1.766314    1.680395    2.177117    1.777704    1.859053    1.769106    1.766314    1.680395    1.673016    1.821210    1.781832    1.963689    1.790557    1.807312    1.673016    1.821210    
490.000000    1.770525    1.770525    1.784658    1.770525    1.676226    1.676226    1.867570    1.676226    1.669325    1.669325    1.796619    1.669325    1.709119    1.709119    1.762594    1.709119    1.771394    1.665298    2.121254    1.754077    1.825508    1.759447    1.771394    1.665298    1.658049    1.802461    1.780950    1.940933    1.787280    1.782640    1.658049    1.802461    
495.000000    1.803595    1.803595    1.761915    1.803595    1.702581    1.702581    1.875724    1.702581    1.690666    1.690666    1.804380    1.690666    1.687873    1.687873    1.735397    1.687873    1.774349    1.660082    2.095537    1.739907    1.809799    1.757189    1.774349    1.660082    1.656938    1.790107    1.789212    1.915791    1.794157    1.767092    1.656938    1.790107    
500.000000    1.770336    1.770336    1.720685    1.770336    1.685076    1.685076    1.857506    1.685076    1.695527    1.695527    1.781652    1.695527    1.677338    1.677338    1.725294    1.677338    1.779564    1.673194    2.121177    1.725910    1.804086    1.740864    1.779564    1.673194    1.704760    1.799462    1.805697    1.875341    1.722989    1.765272    1.704760    1.799462    
505.000000    1.949565    1.949565    1.798314    1.949565    1.748382    1.748382    1.877936    1.748382    1.693446    1.693446    1.780986    1.693446    1.674188    1.674188    1.750520    1.674188    1.764708    1.671311    2.129868    1.743259    1.846265    1.772010    1.764708    1.671311    1.678711    1.807678    1.814794    1.874379    1.919096    1.791802    1.678711    1.807678    
510.000000    2.176736    2.176736    1.907499    2.176736    1.832118    1.832118    1.907124    1.832118    1.689056    1.689056    1.786559    1.689056    1.673350    1.673350    1.784043    1.673350    1.742238    1.663330    2.129319    1.768691    1.897721    1.815049    1.742238    1.663330    1.626578    1.811227    1.818167    1.886312    2.182763    1.822582    1.626578    1.811227    
515.000000    1.902892    1.902892    1.805763    1.902892    1.752864    1.752864    1.834630    1.752864    1.695841    1.695841    1.750470    1.695841    1.664994    1.664994    1.745559    1.664994    1.717987    1.657836    2.096039    1.740641    1.813046    1.758064    1.717987    1.657836    1.621988    1.755354    1.789242    1.853240    1.923372    1.756687    1.621988    1.755354    
520.000000    1.739882    1.739882    1.744578    1.739882    1.707920    1.707920    1.799685    1.707920    1.687798    1.687798    1.728578    1.687798    1.659256    1.659256    1.718231    1.659256    1.706677    1.649735    2.082365    1.715120    1.769362    1.729729    1.706677    1.649735    1.615696    1.723653    1.761909    1.837545    1.763121    1.719851    1.615696    1.723653    
525.000000    1.711783    1.711783    1.740333    1.711783    1.713698    1.713698    1.820551    1.713698    1.646541    1.646541    1.724782    1.646541    1.662048    1.662048    1.702424    1.662048    1.711091    1.632645    2.088886    1.689330    1.787405    1.744037    1.711091    1.632645    1.600972    1.729246    1.734177    1.851489    1.740115    1.721714    1.600972    1.729246    
530.000000    1.735491    1.735491    1.738834    1.735491    1.702790    1.702790    1.800189    1.702790    1.667308    1.667308    1.717820    1.667308    1.639765    1.639765    1.702875    1.639765    1.698659    1.638398    2.100693    1.685094    1.769119    1.732517    1.698659    1.638398    1.588387    1.699583    1.723258    1.834302    1.720329    1.713287    1.588387    1.699583    
535.000000    1.753662    1.753662    1.734394    1.753662    1.695163    1.695163    1.778860    1.695163    1.691716    1.691716    1.709424    1.691716    1.624677    1.624677    1.706680    1.624677    1.690090    1.643421    2.108927    1.687025    1.746300    1.722266    1.690090    1.643421    1.582518    1.671545    1.712839    1.814506    1.708229    1.704149    1.582518    1.671545    
540.000000    1.712711    1.712711    1.711538    1.712711    1.707558    1.707558    1.771247    1.707558    1.686555    1.686555    1.693874    1.686555    1.634195    1.634195    1.708103    1.634195    1.700831    1.628568    2.095223    1.689675    1.724542    1.740121    1.700831    1.628568    1.596458    1.647248    1.681753    1.791982    1.712367    1.690885    1.596458    1.647248    
545.000000    1.709346    1.709346    1.712003    1.709346    1.717215    1.717215    1.785655    1.717215    1.688813    1.688813    1.691594    1.688813    1.673307    1.673307    1.712171    1.673307    1.713258    1.621983    2.105268    1.696687    1.724541    1.731057    1.713258    1.621983    1.598073    1.680984    1.678845    1.807979    1.718577    1.698483    1.598073    1.680984    
550.000000    1.729387    1.729387    1.726342    1.729387    1.726738    1.726738    1.814380    1.726738    1.697574    1.697574    1.697101    1.697574    1.737259    1.737259    1.717715    1.737259    1.727390    1.618169    2.129010    1.706060    1.736883    1.703441    1.727390    1.618169    1.591061    1.753815    1.691827    1.848812    1.725460    1.718546    1.591061    1.753815    
555.000000    1.696793    1.696793    1.719810    1.696793    1.636977    1.636977    1.786980    1.636977    1.675278    1.675278    1.684591    1.675278    1.613834    1.613834    1.718938    1.613834    1.718015    1.657583    2.148824    1.714600    1.731179    1.716885    1.718015    1.657583    1.607911    1.685140    1.685466    1.817082    1.721790    1.713107    1.607911    1.685140    
560.000000    1.703894    1.703894    1.721981    1.703894    1.671226    1.671226    1.781810    1.671226    1.663048    1.663048    1.687705    1.663048    1.575150    1.575150    1.726837    1.575150    1.717363    1.672841    2.160350    1.722425    1.733835    1.746064    1.717363    1.672841    1.622313    1.652693    1.698825    1.802353    1.735364    1.718071    1.622313    1.652693    
565.000000    1.807981    1.807981    1.736550    1.807981    2.023276    2.023276    1.812721    2.023276    1.659055    1.659055    1.714557    1.659055    1.716259    1.716259    1.738301    1.716259    1.739506    1.636956    2.155894    1.732938    1.748991    1.800940    1.739506    1.636956    1.627706    1.703642    1.765336    1.823176    1.796737    1.740579    1.627706    1.703642    
570.000000    1.800154    1.800154    1.757361    1.800154    1.928716    1.928716    1.845333    1.928716    1.688428    1.688428    1.735570    1.688428    1.739911    1.739911    1.764371    1.739911    1.735441    1.634528    2.170684    1.728376    1.762330    1.814719    1.735441    1.634528    1.638428    1.716097    1.753057    1.836733    1.779697    1.758426    1.638428    1.716097    
575.000000    1.765219    1.765219    1.778934    1.765219    1.747453    1.747453    1.879487    1.747453    1.719863    1.719863    1.756770    1.719863    1.729489    1.729489    1.794621    1.729489    1.728410    1.646618    2.189631    1.725429    1.779565    1.820299    1.728410    1.646618    1.650229    1.717527    1.727188    1.850240    1.750952    1.778824    1.650229    1.717527    
580.000000    1.760243    1.760243    1.797477    1.760243    1.844090    1.844090    1.912956    1.844090    1.705039    1.705039    1.792593    1.705039    1.730162    1.730162    1.833006    1.730162    1.752391    1.686460    2.187848    1.750439    1.820436    1.850971    1.752391    1.686460    1.661938    1.717672    1.747414    1.872024    1.784314    1.823489    1.661938    1.717672    
585.000000    1.770457    1.770457    1.811827    1.770457    1.860068    1.860068    1.959409    1.860068    1.710615    1.710615    1.816868    1.710615    1.739500    1.739500    1.850229    1.739500    1.760056    1.702717    2.213441    1.775585    1.853464    1.873455    1.760056    1.702717    1.667747    1.734938    1.775982    1.899249    1.807510    1.854762    1.667747    1.734938    
590.000000    1.796244    1.796244    1.823274    1.796244    1.786387    1.786387    2.026803    1.786387    1.737603    1.737603    1.829131    1.737603    1.748953    1.748953    1.846245    1.748953    1.749594    1.697592    2.279547    1.804230    1.883091    1.890738    1.749594    1.697592    1.665790    1.781505    1.815650    1.941124    1.817309    1.875566    1.665790    1.781505    
595.000000    1.798541    1.798541    1.841607    1.798541    1.796445    1.796445    2.062786    1.796445    1.754911    1.754911    1.868164    1.754911    1.807282    1.807282    1.880300    1.807282    1.760017    1.711564    2.268619    1.818942    1.913401    1.905618    1.760017    1.711564    1.683878    1.745737    1.831057    1.933213    1.853925    1.910762    1.683878    1.745737    
600.000000    1.792914    1.792914    1.851077    1.792914    1.801020    1.801020    2.069650    1.801020    1.756854    1.756854    1.888802    1.756854    1.828901    1.828901    1.897739    1.828901    1.772261    1.719824    2.240950    1.822767    1.921872    1.912278    1.772261    1.719824    1.696216    1.719546    1.832317    1.925840    1.870452    1.924333    1.696216    1.719546    
605.000000    1.777781    1.777781    1.850946    1.777781    1.752706    1.752706    2.034176    1.752706    1.728646    1.728646    1.864769    1.728646    1.754768    1.754768    1.870129    1.754768    1.781317    1.706723    2.190799    1.814695    1.887593    1.918280    1.781317    1.706723    1.695672    1.745321    1.817734    1.949447    1.834407    1.889300    1.695672    1.745321    
610.000000    1.770144    1.770144    1.827628    1.770144    1.746254    1.746254    2.000219    1.746254    1.715508    1.715508    1.851182    1.715508    1.717061    1.717061    1.852043    1.717061    1.792671    1.708746    2.189621    1.799691    1.863664    1.888330    1.792671    1.708746    1.685410    1.747278    1.798747    1.935277    1.824390    1.870796    1.685410    1.747278    
615.000000    1.766169    1.766169    1.796609    1.766169    1.757096    1.757096    1.969416    1.757096    1.709767    1.709767    1.842664    1.709767    1.697862    1.697862    1.838844    1.697862    1.803536    1.716433    2.207417    1.782538    1.845411    1.845689    1.803536    1.716433    1.671844    1.739564    1.779407    1.906649    1.824471    1.859810    1.671844    1.739564    
620.000000    1.767987    1.767987    1.783976    1.767987    1.750823    1.750823    1.966481    1.750823    1.713570    1.713570    1.820864    1.713570    1.715390    1.715390    1.822335    1.715390    1.784819    1.711369    2.201614    1.772125    1.833041    1.828574    1.784819    1.711369    1.659019    1.743442    1.772870    1.902307    1.789622    1.843950    1.659019    1.743442    
625.000000    1.771684    1.771684    1.787620    1.771684    1.757333    1.757333    1.968863    1.757333    1.722317    1.722317    1.829481    1.722317    1.729151    1.729151    1.823251    1.729151    1.778977    1.705684    2.195393    1.765432    1.834543    1.825828    1.778977    1.705684    1.660641    1.749144    1.778838    1.896831    1.782370    1.839549    1.660641    1.749144    
630.000000    1.774943    1.774943    1.803057    1.774943    1.782780    1.782780    1.964736    1.782780    1.739789    1.739789    1.877249    1.739789    1.739021    1.739021    1.842338    1.739021    1.788650    1.696977    2.184989    1.744927    1.848270    1.829237    1.788650    1.696977    1.681285    1.751301    1.793470    1.878382    1.808880    1.844605    1.681285    1.751301    
635.000000    1.791256    1.791256    1.829820    1.791256    1.798497    1.798497    1.992827    1.798497    1.741517    1.741517    1.905123    1.741517    1.741864    1.741864    1.865849    1.741864    1.801318    1.695009    2.189725    1.788546    1.863177    1.850689    1.801318    1.695009    1.682520    1.774002    1.818914    1.892207    1.824432    1.854650    1.682520    1.774002    
640.000000    1.799136    1.799136    1.849720    1.799136    1.804898    1.804898    2.018165    1.804898    1.740987    1.740987    1.918952    1.740987    1.739011    1.739011    1.878427    1.739011    1.809168    1.700213    2.201920    1.824961    1.877240    1.869848    1.809168    1.700213    1.683681    1.789422    1.838809    1.906382    1.835493    1.865987    1.683681    1.789422    
645.000000    1.760220    1.760220    1.851518    1.760220    1.792024    1.792024    2.024416    1.792024    1.737898    1.737898    1.910049    1.737898    1.708297    1.708297    1.861988    1.708297    1.796245    1.722071    2.233112    1.796281    1.904520    1.879155    1.796245    1.722071    1.706671    1.763126    1.833660    1.897265    1.848062    1.899380    1.706671    1.763126    
650.000000    1.757366    1.757366    1.834220    1.757366    1.780162    1.780162    2.010602    1.780162    1.748923    1.748923    1.900667    1.748923    1.719502    1.719502    1.838003    1.719502    1.799462    1.739888    2.242141    1.778141    1.893201    1.871004    1.799462    1.739888    1.706295    1.757937    1.840194    1.897591    1.847249    1.880058    1.706295    1.757937    
655.000000    1.774375    1.774375    1.803334    1.774375    1.767308    1.767308    1.986100    1.767308    1.766322    1.766322    1.893940    1.766322    1.757162    1.757162    1.808040    1.757162    1.814297    1.756307    2.237085    1.766413    1.857975    1.853512    1.814297    1.756307    1.690407    1.764982    1.857826    1.905600    1.839652    1.827461    1.690407    1.764982    
660.000000    1.809390    1.809390    1.812728    1.809390    1.781020    1.781020    1.965519    1.781020    1.812201    1.812201    1.853021    1.812201    1.772091    1.772091    1.807466    1.772091    1.805135    1.763349    2.249246    1.761602    1.849617    1.831790    1.805135    1.763349    1.700613    1.779241    1.827045    1.893508    1.824444    1.813432    1.700613    1.779241    
665.000000    1.834381    1.834381    1.822513    1.834381    1.788504    1.788504    1.944642    1.788504    1.835611    1.835611    1.828280    1.835611    1.773425    1.773425    1.807122    1.773425    1.795557    1.762940    2.259573    1.767090    1.842412    1.819583    1.795557    1.762940    1.706665    1.789754    1.804358    1.881167    1.812302    1.806982    1.706665    1.789754    
670.000000    1.852210    1.852210    1.826508    1.852210    1.771678    1.771678    1.919690    1.771678    1.827574    1.827574    1.839626    1.827574    1.753800    1.753800    1.797924    1.753800    1.783095    1.747729    2.270089    1.794933    1.828432    1.823524    1.783095    1.747729    1.692342    1.793517    1.800186    1.870765    1.796970    1.796724    1.692342    1.793517    
675.000000    1.827740    1.827740    1.816924    1.827740    1.772581    1.772581    1.885371    1.772581    1.788178    1.788178    1.800898    1.788178    1.752146    1.752146    1.768056    1.752146    1.781152    1.745697    2.258748    1.753826    1.815058    1.811826    1.781152    1.745697    1.707622    1.779266    1.797195    1.839066    1.803691    1.803068    1.707622    1.779266    
680.000000    1.808160    1.808160    1.812836    1.808160    1.791405    1.791405    1.865192    1.791405    1.763380    1.763380    1.772260    1.763380    1.759554    1.759554    1.761528    1.759554    1.790405    1.753581    2.246883    1.731429    1.809487    1.802106    1.790405    1.753581    1.729574    1.778842    1.796042    1.825970    1.818015    1.814197    1.729574    1.778842    
685.000000    1.926560    1.926560    1.880733    1.926560    1.924869    1.924869    1.969678    1.924869    1.925439    1.925439    1.945108    1.925439    1.795691    1.795691    1.994198    1.795691    1.868404    1.813823    2.274522    2.037741    1.849011    1.837782    1.868404    1.813823    1.749987    1.934213    1.805280    2.008032    1.839654    1.834726    1.749987    1.934213    
690.000000    1.943959    1.943959    1.897755    1.943959    1.940422    1.940422    1.986117    1.940422    1.945366    1.945366    1.963893    1.945366    1.803349    1.803349    2.029504    1.803349    1.880803    1.820453    2.285975    2.072804    1.870899    1.850200    1.880803    1.820453    1.742433    1.962326    1.808227    2.039044    1.850120    1.828384    1.742433    1.962326    
695.000000    1.855177    1.855177    1.863004    1.855177    1.842588    1.842588    1.906876    1.842588    1.821217    1.821217    1.820156    1.821217    1.785021    1.785021    1.866591    1.785021    1.825294    1.769883    2.281194    1.835593    1.880854    1.834559    1.825294    1.769883    1.699360    1.866426    1.804078    1.910326    1.849386    1.781468    1.699360    1.866426    
700.000000    1.856164    1.856164    1.860151    1.856164    1.811547    1.811547    1.907280    1.811547    1.802737    1.802737    1.820657    1.802737    1.768092    1.768092    1.842780    1.768092    1.830248    1.775183    2.277358    1.794871    1.866156    1.843511    1.830248    1.775183    1.712947    1.848399    1.794932    1.924365    1.856087    1.814356    1.712947    1.848399    
705.000000    1.872698    1.872698    1.873265    1.872698    1.807923    1.807923    1.935287    1.807923    1.807414    1.807414    1.840830    1.807414    1.770107    1.770107    1.858214    1.770107    1.843366    1.788973    2.284528    1.799850    1.866298    1.866221    1.843366    1.788973    1.734115    1.850340    1.803605    1.958786    1.867577    1.851662    1.734115    1.850340    
710.000000    1.885298    1.885298    1.905729    1.885298    1.824798    1.824798    1.985313    1.824798    1.812107    1.812107    1.836564    1.812107    1.808250    1.808250    1.897695    1.808250    1.849297    1.790328    2.317539    1.819874    1.897077    1.911442    1.849297    1.790328    1.752231    1.848559    1.843992    1.982687    1.865864    1.855970    1.752231    1.848559    
715.000000    1.900118    1.900118    1.933887    1.900118    1.862717    1.862717    2.043047    1.862717    1.833637    1.833637    1.856471    1.833637    1.846219    1.846219    1.934619    1.846219    1.858541    1.816710    2.336650    1.837238    1.945685    1.941327    1.858541    1.816710    1.762792    1.885246    1.896557    1.996412    1.920432    1.902795    1.762792    1.885246    
720.000000    1.915748    1.915748    1.959987    1.915748    1.906910    1.906910    2.101202    1.906910    1.860734    1.860734    1.886800    1.860734    1.881671    1.881671    1.969508    1.881671    1.868883    1.852339    2.348957    1.853194    1.999354    1.964354    1.868883    1.852339    1.770235    1.935815    1.951569    2.007294    1.996103    1.964793    1.770235    1.935815    
725.000000    1.932483    1.932483    2.001465    1.932483    1.893116    1.893116    2.107167    1.893116    1.844031    1.844031    1.915223    1.844031    1.878567    1.878567    2.005262    1.878567    1.862283    1.851191    2.356242    1.875778    2.012503    2.001433    1.862283    1.851191    1.779954    1.925348    1.956058    2.067332    2.013522    1.946293    1.779954    1.925348    
730.000000    1.939272    1.939272    2.016832    1.939272    1.886792    1.886792    2.104687    1.886792    1.841510    1.841510    1.936620    1.841510    1.867529    1.867529    2.014790    1.867529    1.869756    1.851360    2.352511    1.883760    2.013298    2.013273    1.869756    1.851360    1.788358    1.920455    1.959222    2.092279    2.009808    1.934723    1.788358    1.920455    
735.000000    1.936216    1.936216    1.999436    1.936216    1.900678    1.900678    2.097027    1.900678    1.855622    1.855622    1.960355    1.855622    1.841116    1.841116    1.989617    1.841116    1.905350    1.860871    2.322212    1.873166    2.006951    1.996629    1.905350    1.860871    1.792376    1.933705    1.977503    2.082732    1.983931    1.942505    1.792376    1.933705    
740.000000    1.934740    1.934740    2.004080    1.934740    1.894466    1.894466    2.100537    1.894466    1.885397    1.885397    1.955587    1.885397    1.853032    1.853032    1.997877    1.853032    1.899576    1.860283    2.339458    1.868223    1.999817    1.982985    1.899576    1.860283    1.808755    1.928419    1.958663    2.049648    1.985348    1.941530    1.808755    1.928419    
745.000000    1.931839    1.931839    2.006405    1.931839    1.885854    1.885854    2.102936    1.885854    1.906199    1.906199    1.947904    1.906199    1.868975    1.868975    2.004599    1.868975    1.891155    1.855928    2.367340    1.870929    1.992582    1.975142    1.891155    1.855928    1.822558    1.921196    1.939628    2.022628    1.988435    1.936802    1.822558    1.921196    
750.000000    1.914475    1.914475    1.976355    1.914475    1.873210    1.873210    2.091527    1.873210    1.880516    1.880516    1.958178    1.880516    1.865612    1.865612    1.970274    1.865612    1.901590    1.843481    2.398054    1.891226    1.981281    1.979468    1.901590    1.843481    1.821615    1.921644    1.945817    2.037192    1.972442    1.916986    1.821615    1.921644    
755.000000    1.916955    1.916955    1.969140    1.916955    1.888228    1.888228    2.084313    1.888228    1.878209    1.878209    1.954956    1.878209    1.865493    1.865493    1.966219    1.865493    1.920266    1.841747    2.411616    1.910423    1.979079    1.988072    1.920266    1.841747    1.814707    1.921350    1.954274    2.030138    1.963889    1.921290    1.814707    1.921350    
760.000000    1.929421    1.929421    1.975685    1.929421    1.921643    1.921643    2.076644    1.921643    1.890295    1.890295    1.942940    1.890295    1.861274    1.861274    1.982343    1.861274    1.944985    1.846301    2.413092    1.928177    1.981289    1.999352    1.944985    1.846301    1.799576    1.918829    1.964934    2.004327    1.956579    1.939313    1.799576    1.918829    
765.000000    1.958117    1.958117    1.978343    1.958117    1.918906    1.918906    2.103404    1.918906    1.897058    1.897058    1.926648    1.897058    1.937315    1.937315    1.969759    1.937315    1.943945    1.843242    2.429667    1.936104    1.971271    2.000714    1.943945    1.843242    1.829127    1.922876    1.951000    2.026478    1.985024    1.964266    1.829127    1.922876    
770.000000    1.984277    1.984277    1.989095    1.984277    1.935487    1.935487    2.121601    1.935487    1.916056    1.916056    1.926292    1.916056    1.978205    1.978205    1.977083    1.978205    1.955415    1.852447    2.455760    1.963616    1.993103    2.008581    1.955415    1.852447    1.863622    1.938880    1.951699    2.047085    2.007047    1.982825    1.863622    1.938880    
775.000000    1.992599    1.992599    2.004135    1.992599    1.999004    1.999004    2.100062    1.999004    1.961619    1.961619    1.945508    1.961619    1.933054    1.933054    2.019932    1.933054    1.995655    1.879948    2.489072    2.027772    2.072110    2.015052    1.995655    1.879948    1.900045    1.962751    1.963766    2.019513    1.998831    1.971835    1.900045    1.962751    
780.000000    2.032830    2.032830    2.031371    2.032830    2.019827    2.019827    2.128074    2.019827    1.983685    1.983685    1.964248    1.983685    1.940107    1.940107    2.046095    1.940107    2.014248    1.900486    2.533118    2.071531    2.110663    2.050895    2.014248    1.900486    1.922963    2.007307    2.012697    2.107649    2.024212    2.011172    1.922963    2.007307    
785.000000    2.081164    2.081164    2.068941    2.081164    2.032124    2.032124    2.178562    2.032124    1.997111    1.997111    1.989082    1.997111    1.972359    1.972359    2.074194    1.972359    2.028863    1.923946    2.576201    2.106140    2.142795    2.098518    2.028863    1.923946    1.942814    2.055524    2.071307    2.214909    2.064665    2.068411    1.942814    2.055524    
790.000000    2.123556    2.123556    2.140023    2.123556    2.074686    2.074686    2.264358    2.074686    1.990498    1.990498    2.043757    1.990498    2.059797    2.059797    2.149856    2.059797    2.062479    1.976741    2.578143    2.119641    2.231554    2.146195    2.062479    1.976741    1.965240    2.077442    2.114431    2.181854    2.127360    2.133863    1.965240    2.077442    
795.000000    2.146931    2.146931    2.211003    2.146931    2.122058    2.122058    2.338887    2.122058    2.018362    2.018362    2.107117    2.018362    2.112306    2.112306    2.213020    2.112306    2.094156    2.028345    2.613408    2.153106    2.286758    2.214417    2.094156    2.028345    1.998077    2.117043    2.159769    2.216177    2.183959    2.191100    1.998077    2.117043    
800.000000    2.110349    2.110349    2.286445    2.110349    2.170863    2.170863    2.404777    2.170863    2.078665    2.078665    2.186432    2.078665    2.119699    2.119699    2.264031    2.119699    2.088325    2.083002    2.645465    2.192304    2.307334    2.311613    2.088325    2.083002    2.019638    2.163276    2.202999    2.340798    2.239431    2.239961    2.019638    2.163276    
805.000000    2.161287    2.161287    2.340366    2.161287    2.194067    2.194067    2.431792    2.194067    2.111532    2.111532    2.217869    2.111532    2.156273    2.156273    2.302141    2.156273    2.144464    2.121947    2.663269    2.194364    2.311875    2.361855    2.144464    2.121947    2.049289    2.179132    2.213077    2.326946    2.260085    2.256021    2.049289    2.179132    
810.000000    2.326687    2.326687    2.389518    2.326687    2.253002    2.253002    2.501023    2.253002    2.154573    2.154573    2.256626    2.154573    2.231146    2.231146    2.356315    2.231146    2.292601    2.152632    2.663269    2.300258    2.367751    2.406976    2.292601    2.152632    2.163506    2.278183    2.292259    2.345305    2.303305    2.325162    2.163506    2.278183    
815.000000    2.400390    2.400390    2.349439    2.400390    2.242408    2.242408    2.449749    2.242408    2.184457    2.184457    2.276525    2.184457    2.198336    2.198336    2.304647    2.198336    2.290823    2.129795    2.663269    2.351841    2.296513    2.436696    2.290823    2.129795    2.240440    2.298199    2.290076    2.361964    2.253747    2.288012    2.240440    2.298199    
820.000000    2.400390    2.400390    2.403728    2.400390    2.462021    2.462021    2.621054    2.462021    2.265450    2.265450    2.315630    2.265450    2.375295    2.375295    2.452061    2.375295    2.782286    2.153027    2.663269    2.672915    2.520985    2.443633    2.782286    2.153027    2.607256    2.683604    2.494240    2.458387    2.406934    2.527178    2.607256    2.683604    
825.000000    2.400390    2.400390    2.524279    2.400390    2.462021    2.462021    2.621054    2.462021    2.379362    2.379362    2.383665    2.379362    2.685283    2.685283    2.716634    2.685283    2.782286    2.209096    2.663269    2.672915    2.520985    2.456233    2.782286    2.209096    2.607256    2.683604    2.494240    2.628535    2.681498    2.527178    2.607256    2.683604    
830.000000    2.400390    2.400390    2.522083    2.400390    2.462021    2.462021    2.621054    2.462021    2.422802    2.422802    2.193288    2.422802    2.685283    2.685283    2.632434    2.685283    2.782286    2.138289    2.663269    2.672915    2.520985    2.361882    2.782286    2.138289    2.607256    2.683604    2.494240    2.726990    2.439415    2.527178    2.607256    2.683604    
835.000000    2.400390    2.400390    2.522083    2.400390    2.462021    2.462021    2.621054    2.462021    2.422802    2.422802    2.193288    2.422802    2.685283    2.685283    2.632434    2.685283    2.782286    2.138289    2.663269    2.672915    2.520985    2.361882    2.782286    2.138289    2.607256    2.683604    2.494240    2.726990    2.439415    2.527178    2.607256    2.683604    
840.000000    2.400390    2.400390    2.522083    2.400390    2.462021    2.462021    2.621054    2.462021    2.422802    2.422802    2.193288    2.422802    2.685283    2.685283    2.632434    2.685283    2.782286    2.138289    2.663269    2.672915    2.520985    2.361882    2.782286    2.138289    2.607256    2.683604    2.494240    2.726990    2.439415    2.527178    2.607256    2.683604    
845.000000    2.400390    2.400390    2.522083    2.400390    2.462021    2.462021    2.621054    2.462021    2.422802    2.422802    2.193288    2.422802    2.685283    2.685283    2.632434    2.685283    2.782286    2.138289    2.663269    2.672915    2.520985    2.361882    2.782286    2.138289    2.607256    2.683604    2.494240    2.726990    2.439415    2.527178    2.607256    2.683604    
850.000000    2.400390    2.400390    2.522083    2.400390    2.462021    2.462021    2.621054    2.462021    2.422802    2.422802    2.193288    2.422802    2.685283    2.685283    2.632434    2.685283    2.782286    2.138289    2.663269    2.672915    2.520985    2.361882    2.782286    2.138289    2.607256    2.683604    2.494240    2.726990    2.439415    2.527178    2.607256    2.683604    
855.000000    2.400390    2.400390    2.522083    2.400390    2.462021    2.462021    2.621054    2.462021    2.422802    2.422802    2.193288    2.422802    2.685283    2.685283    2.632434    2.685283    2.782286    2.138289    2.663269    2.672915    2.520985    2.361882    2.782286    2.138289    2.607256    2.683604    2.494240    2.726990    2.439415    2.527178    2.607256    2.683604    
860.000000    2.400390    2.400390    2.522083    2.400390    2.462021    2.462021    2.621054    2.462021    2.422802    2.422802    2.193288    2.422802    2.685283    2.685283    2.632434    2.685283    2.782286    2.138289    2.663269    2.672915    2.520985    2.361882    2.782286    2.138289    2.607256    2.683604    2.494240    2.726990    2.439415    2.527178    2.607256    2.683604    
865.000000    2.400390    2.400390    2.522083    2.400390    2.462021    2.462021    2.621054    2.462021    2.422802    2.422802    2.193288    2.422802    2.685283    2.685283    2.632434    2.685283    2.782286    2.138289    2.663269    2.672915    2.520985    2.361882    2.782286    2.138289    2.607256    2.683604    2.494240    2.726990    2.439415    2.527178    2.607256    2.683604    
870.000000    2.400390    2.400390    2.522083    2.400390    2.462021    2.462021    2.621054    2.462021    2.422802    2.422802    2.193288    2.422802    2.685283    2.685283    2.632434    2.685283    2.782286    2.138289    2.663269    2.672915    2.520985    2.361882    2.782286    2.138289    2.607256    2.683604    2.494240    2.726990    2.439415    2.527178    2.607256    2.683604    
875.000000    2.400390    2.400390    2.522083    2.400390    2.462021    2.462021    2.621054    2.462021    2.422802    2.422802    2.193288    2.422802    2.685283    2.685283    2.632434    2.685283    2.782286    2.138289    2.663269    2.672915    2.520985    2.361882    2.782286    2.138289    2.607256    2.683604    2.494240    2.726990    2.439415    2.527178    2.607256    2.683604    
880.000000    2.400390    2.400390    2.522083    2.400390    2.462021    2.462021    2.621054    2.462021    2.422802    2.422802    2.193288    2.422802    2.685283    2.685283    2.632434    2.685283    2.782286    2.138289    2.663269    2.672915    2.520985    2.361882    2.782286    2.138289    2.607256    2.683604    2.494240    2.726990    2.439415    2.527178    2.607256    2.683604    
885.000000    2.400390    2.400390    2.522083    2.400390    2.462021    2.462021    2.621054    2.462021    2.422802    2.422802    2.193288    2.422802    2.685283    2.685283    2.632434    2.685283    2.782286    2.138289    2.663269    2.672915    2.520985    2.361882    2.782286    2.138289    2.607256    2.683604    2.494240    2.726990    2.439415    2.527178    2.607256    2.683604    
890.000000    2.400390    2.400390    2.522083    2.400390    2.462021    2.462021    2.621054    2.462021    2.422802    2.422802    2.193288    2.422802    2.685283    2.685283    2.632434    2.685283    2.782286    2.138289    2.663269    2.672915    2.520985    2.361882    2.782286    2.138289    2.607256    2.683604    2.494240    2.726990    2.439415    2.527178    2.607256    2.683604    
895.000000    2.400390    2.400390    2.522083    2.400390    2.462021    2.462021    2.621054    2.462021    2.422802    2.422802    2.193288    2.422802    2.685283    2.685283    2.632434    2.685283    2.782286    2.138289    2.663269    2.672915    2.520985    2.361882    2.782286    2.138289    2.607256    2.683604    2.494240    2.726990    2.439415    2.527178    2.607256    2.683604    
900.000000    2.400390    2.400390    2.522083    2.400390    2.462021    2.462021    2.621054    2.462021    2.422802    2.422802    2.193288    2.422802    2.685283    2.685283    2.632434    2.685283    2.782286    2.138289    2.663269    2.672915    2.520985    2.361882    2.782286    2.138289    2.607256    2.683604    2.494240    2.726990    2.439415    2.527178    2.607256    2.683604    
905.000000    2.400390    2.400390    2.522083    2.400390    2.462021    2.462021    2.621054    2.462021    2.422802    2.422802    2.193288    2.422802    2.685283    2.685283    2.632434    2.685283    2.782286    2.138289    2.663269    2.672915    2.520985    2.361882    2.782286    2.138289    2.607256    2.683604    2.494240    2.726990    2.439415    2.527178    2.607256    2.683604    
910.000000    2.400390    2.400390    2.522083    2.400390    2.462021    2.462021    2.621054    2.462021    2.422802    2.422802    2.193288    2.422802    2.685283    2.685283    2.632434    2.685283    2.782286    2.138289    2.663269    2.672915    2.520985    2.361882    2.782286    2.138289    2.607256    2.683604    2.494240    2.726990    2.439415    2.527178    2.607256    2.683604    
915.000000    2.400390    2.400390    2.522083    2.400390    2.462021    2.462021    2.621054    2.462021    2.422802    2.422802    2.193288    2.422802    2.685283    2.685283    2.632434    2.685283    2.782286    2.138289    2.663269    2.672915    2.520985    2.361882    2.782286    2.138289    2.607256    2.683604    2.494240    2.726990    2.439415    2.527178    2.607256    2.683604    
920.000000    2.400390    2.400390    2.522083    2.400390    2.462021    2.462021    2.621054    2.462021    2.422802    2.422802    2.193288    2.422802    2.685283    2.685283    2.632434    2.685283    2.782286    2.138289    2.663269    2.672915    2.520985    2.361882    2.782286    2.138289    2.607256    2.683604    2.494240    2.726990    2.439415    2.527178    2.607256    2.683604    
925.000000    2.400390    2.400390    2.522083    2.400390    2.462021    2.462021    2.621054    2.462021    2.422802    2.422802    2.193288    2.422802    2.685283    2.685283    2.632434    2.685283    2.782286    2.138289    2.663269    2.672915    2.520985    2.361882    2.782286    2.138289    2.607256    2.683604    2.494240    2.726990    2.439415    2.527178    2.607256    2.683604    
930.000000    2.400390    2.400390    2.522083    2.400390    2.462021    2.462021    2.621054    2.462021    2.422802    2.422802    2.193288    2.422802    2.685283    2.685283    2.632434    2.685283    2.782286    2.138289    2.663269    2.672915    2.520985    2.361882    2.782286    2.138289    2.607256    2.683604    2.494240    2.726990    2.439415    2.527178    2.607256    2.683604    
935.000000    2.400390    2.400390    2.522083    2.400390    2.462021    2.462021    2.621054    2.462021    2.422802    2.422802    2.193288    2.422802    2.685283    2.685283    2.632434    2.685283    2.782286    2.138289    2.663269    2.672915    2.520985    2.361882    2.782286    2.138289    2.607256    2.683604    2.494240    2.726990    2.439415    2.527178    2.607256    2.683604    
940.000000    2.400390    2.400390    2.522083    2.400390    2.462021    2.462021    2.621054    2.462021    2.422802    2.422802    2.193288    2.422802    2.685283    2.685283    2.632434    2.685283    2.782286    2.138289    2.663269    2.672915    2.520985    2.361882    2.782286    2.138289    2.607256    2.683604    2.494240    2.726990    2.439415    2.527178    2.607256    2.683604    
945.000000    2.400390    2.400390    2.522083    2.400390    2.462021    2.462021    2.621054    2.462021    2.422802    2.422802    2.193288    2.422802    2.685283    2.685283    2.632434    2.685283    2.782286    2.138289    2.663269    2.672915    2.520985    2.361882    2.782286    2.138289    2.607256    2.683604    2.494240    2.726990    2.439415    2.527178    2.607256    2.683604    
950.000000    2.400390    2.400390    2.522083    2.400390    2.462021    2.462021    2.621054    2.462021    2.422802    2.422802    2.193288    2.422802    2.685283    2.685283    2.632434    2.685283    2.782286    2.138289    2.663269    2.672915    2.520985    2.361882    2.782286    2.138289    2.607256    2.683604    2.494240    2.726990    2.439415    2.527178    2.607256    2.683604    
955.000000    2.400390    2.400390    2.522083    2.400390    2.462021    2.462021    2.621054    2.462021    2.422802    2.422802    2.193288    2.422802    2.685283    2.685283    2.632434    2.685283    2.782286    2.138289    2.663269    2.672915    2.520985    2.361882    2.782286    2.138289    2.607256    2.683604    2.494240    2.726990    2.439415    2.527178    2.607256    2.683604    
960.000000    2.400390    2.400390    2.522083    2.400390    2.462021    2.462021    2.621054    2.462021    2.422802    2.422802    2.193288    2.422802    2.685283    2.685283    2.632434    2.685283    2.782286    2.138289    2.663269    2.672915    2.520985    2.361882    2.782286    2.138289    2.607256    2.683604    2.494240    2.726990    2.439415    2.527178    2.607256    2.683604    
965.000000    2.400390    2.400390    2.522083    2.400390    2.462021    2.462021    2.621054    2.462021    2.422802    2.422802    2.193288    2.422802    2.685283    2.685283    2.632434    2.685283    2.782286    2.138289    2.663269    2.672915    2.520985    2.361882    2.782286    2.138289    2.607256    2.683604    2.494240    2.726990    2.439415    2.527178    2.607256    2.683604    
970.000000    2.400390    2.400390    2.522083    2.400390    2.462021    2.462021    2.621054    2.462021    2.422802    2.422802    2.193288    2.422802    2.685283    2.685283    2.632434    2.685283    2.782286    2.138289    2.663269    2.672915    2.520985    2.361882    2.782286    2.138289    2.607256    2.683604    2.494240    2.726990    2.439415    2.527178    2.607256    2.683604    
975.000000    2.400390    2.400390    2.522083    2.400390    2.462021    2.462021    2.621054    2.462021    2.422802    2.422802    2.193288    2.422802    2.685283    2.685283    2.632434    2.685283    2.782286    2.138289    2.663269    2.672915    2.520985    2.361882    2.782286    2.138289    2.607256    2.683604    2.494240    2.726990    2.439415    2.527178    2.607256    2.683604    
980.000000    2.400390    2.400390    2.522083    2.400390    2.462021    2.462021    2.621054    2.462021    2.422802    2.422802    2.193288    2.422802    2.685283    2.685283    2.632434    2.685283    2.782286    2.138289    2.663269    2.672915    2.520985    2.361882    2.782286    2.138289    2.607256    2.683604    2.494240    2.726990    2.439415    2.527178    2.607256    2.683604    
985.000000    2.400390    2.400390    2.522083    2.400390    2.462021    2.462021    2.621054    2.462021    2.422802    2.422802    2.193288    2.422802    2.685283    2.685283    2.632434    2.685283    2.782286    2.138289    2.663269    2.672915    2.520985    2.361882    2.782286    2.138289    2.607256    2.683604    2.494240    2.726990    2.439415    2.527178    2.607256    2.683604    
990.000000    2.400390    2.400390    2.522083    2.400390    2.462021    2.462021    2.621054    2.462021    2.422802    2.422802    2.193288    2.422802    2.685283    2.685283    2.632434    2.685283    2.782286    2.138289    2.663269    2.672915    2.520985    2.361882    2.782286    2.138289    2.607256    2.683604    2.494240    2.726990    2.439415    2.527178    2.607256    2.683604    
995.000000    2.400390    2.400390    2.522083    2.400390    2.462021    2.462021    2.621054    2.462021    2.422802    2.422802    2.193288    2.422802    2.685283    2.685283    2.632434    2.685283    2.782286    2.138289    2.663269    2.672915    2.520985    2.361882    2.782286    2.138289    2.607256    2.683604    2.494240    2.726990    2.439415    2.527178    2.607256    2.683604    
