0.0 0.0004960925
0.25 0.0004960925
0.5 0.0004960925
0.75 0.0004960925
1.0 0.0004960925
1.25 0.0004960925
1.5 0.000453125
1.75 -0.000308595
2.0 -0.0004960925
2.25 -0.0004960925
2.5 -0.0004960925
2.75 -0.0004960925
3.0 -0.0004960925
3.25 -0.0004960925
3.5 -0.0004960925
3.75 -0.0004960925
4.0 -0.00046875
4.25 0.0003398425
4.5 0.0004960925
4.75 0.0004960925
5.0 0.0004960925
5.25 0.0004960925
5.5 0.0004960925
5.75 0.0004960925
6.0 0.0004960925
6.25 0.0004960925
6.5 0.000453125
6.75 -0.0003203125
7.0 -0.0004960925
7.25 -0.0004960925
7.5 -0.0004960925
7.75 -0.0004960925
8.0 -0.0004960925
8.25 -0.0004960925
8.5 -0.0004960925
8.75 -0.0004960925
9.0 -0.00046875
9.25 0.000308595
9.5 0.0004960925
9.75 0.0004960925
10.0 0.0004960925
10.25 0.0004960925
10.5 0.0004960925
10.75 0.0004960925
11.0 0.0004960925
11.25 0.0004960925
11.5 0.00045703
11.75 -0.0002890625
12.0 -0.0004960925
12.25 -0.0004960925
12.5 -0.0004960925
12.75 -0.0004960925
13.0 -0.0004960925
13.25 -0.0004960925
13.5 -0.0004960925
13.75 -0.0004960925
14.0 -0.000464845
14.25 0.0003359375
14.5 0.0004960925
14.75 0.0004960925
15.0 0.0004960925
15.25 0.0004960925
15.5 0.0004960925
15.75 0.0004960925
16.0 0.0004960925
16.25 0.0004960925
16.5 0.000453125
16.75 -0.0003125
17.0 -0.0004960925
17.25 -0.0004960925
17.5 -0.0004960925
17.75 -0.0004960925
18.0 -0.0004960925
18.25 -0.0004960925
18.5 -0.0004960925
18.75 -0.0004960925
19.0 -0.0004726575
19.25 0.0003046875
19.5 0.0004960925
19.75 0.0004960925
20.0 0.0004960925
20.25 0.0004960925
20.5 0.0004960925
20.75 0.0004960925
21.0 0.0004960925
21.25 0.0004960925
21.5 0.00045703
21.75 -0.000308595
22.0 -0.0004960925
22.25 -0.0004960925
22.5 -0.0004960925
22.75 -0.0004960925
23.0 -0.0004960925
23.25 -0.0004960925
23.5 -0.0004960925
23.75 -0.0004960925
24.0 -0.0004609375
24.25 0.0003398425
24.5 0.0004960925
24.75 0.0004960925
25.0 0.0004960925
25.25 0.0004960925
25.5 0.0004960925
25.75 0.0004960925
26.0 0.0004960925
26.25 0.0004960925
26.5 0.000453125
26.75 -0.0003203125
27.0 -0.0004960925
27.25 -0.0004960925
27.5 -0.0004960925
27.75 -0.0004960925
28.0 -0.0004960925
28.25 -0.0004960925
28.5 -0.0004960925
28.75 -0.0004960925
29.0 -0.00046875
29.25 0.0003164075
29.5 0.0004960925
29.75 0.0004960925
30.0 0.0004960925
30.25 0.0004960925
30.5 0.0004960925
30.75 0.0004960925
31.0 0.0004960925
31.25 0.0004960925
31.5 0.000464845
31.75 -0.0003203125
32.0 -0.0004960925
32.25 -0.0004960925
32.5 -0.0004960925
32.75 -0.0004960925
33.0 -0.0004960925
33.25 -0.0004960925
33.5 -0.0004960925
33.75 -0.0004960925
34.0 -0.00048047
34.25 0.0003046875
34.5 0.0004960925
34.75 0.0004960925
35.0 0.0004960925
35.25 0.0004960925
35.5 0.0004960925
35.75 0.0004960925
36.0 0.0004960925
36.25 0.0004960925
36.5 0.000453125
36.75 -0.0003203125
37.0 -0.0004960925
37.25 -0.0004960925
37.5 -0.0004960925
37.75 -0.0004960925
38.0 -0.0004960925
38.25 -0.0004960925
38.5 -0.0004960925
38.75 -0.0004960925
39.0 -0.00046875
39.25 0.0003125
39.5 0.0004960925
39.75 0.0004960925
40.0 0.0004960925
40.25 0.0004960925
40.5 0.0004960925
40.75 0.0004960925
41.0 0.0004960925
41.25 0.0004960925
41.5 0.00044922
41.75 -0.000296875
42.0 -0.0004960925
42.25 -0.0004960925
42.5 -0.0004960925
42.75 -0.0004960925
43.0 -0.0004960925
43.25 -0.0004960925
43.5 -0.0004960925
43.75 -0.0004960925
44.0 -0.00046875
44.25 0.0003164075
44.5 0.0004960925
44.75 0.0004960925
45.0 0.0004960925
45.25 0.0004960925
45.5 0.0004960925
45.75 0.0004960925
46.0 0.0004960925
46.25 0.0004960925
46.5 0.00045703
46.75 -0.0003164075
47.0 -0.0004960925
47.25 -0.0004960925
47.5 -0.0004960925
47.75 -0.0004960925
48.0 -0.0004960925
48.25 -0.0004960925
48.5 -0.0004960925
48.75 -0.0004960925
49.0 -0.0004726575
49.25 0.0003007825
49.5 0.0004960925
49.75 0.0004960925
50.0 0.0004960925
