0.5   803.2345013
1.5   803.2345013
2.5   803.2345013
3.5   803.2345013
4.5   803.2345013
5.5   803.2345013
6.5   803.2345013
7.5   803.2345013
8.5   803.2345013
9.5   803.2345013
10.5   803.2345013
11.5   803.2345013
12.5   803.2345013
13.5   803.2345013
14.5   803.2345013
15.5   803.2345013
16.5   803.2345013
17.5   803.2345013
18.5   803.2345013
19.5   803.2345013
20.5   803.2345013
21.5   803.2345013
22.5   803.2345013
23.5   803.2345013
24.5   803.2345013
25.5   803.2345013
26.5   803.2345013
27.5   803.2345013
28.5   803.2345013
29.5   803.2345013
30.5   803.2345013
31.5   803.2345013
32.5   803.2345013
33.5   803.2345013
34.5   803.2345013
35.5   803.2345013
36.5   803.2345013
37.5   803.2345013
38.5   803.2345013
39.5   803.2345013
40.5   803.2345013
41.5   803.2345013
42.5   803.2345013
43.5   803.2345013
44.5   803.2345013
45.5   803.2345013
46.5   803.2345013
47.5   803.2345013
48.5   803.2345013
49.5   803.2345013
50.5   803.2345013
51.5   803.2345013
52.5   803.2345013
53.5   803.2345013
54.5   803.2345013
55.5   803.2345013
56.5   803.2345013
57.5   803.2345013
58.5   803.2345013
59.5   803.2345013
60.5   803.2345013
61.5   803.2345013
62.5   803.2345013
63.5   803.2345013
64.5   803.2345013
65.5   803.2345013
66.5   803.2345013
67.5   803.2345013
68.5   803.2345013
69.5   805.9299191
70.5   805.9299191
71.5   805.9299191
72.5   805.9299191
73.5   805.9299191
74.5   805.9299191
75.5   805.9299191
76.5   805.9299191
77.5   805.9299191
78.5   805.9299191
79.5   805.9299191
80.5   805.9299191
81.5   805.9299191
82.5   805.9299191
83.5   805.9299191
84.5   805.9299191
85.5   805.9299191
86.5   805.9299191
87.5   805.9299191
88.5   805.9299191
89.5   805.9299191
90.5   805.9299191
91.5   805.9299191
92.5   805.9299191
93.5   805.9299191
94.5   805.9299191
95.5   805.9299191
96.5   805.9299191
97.5   805.9299191
98.5   805.9299191
99.5   805.9299191
100.5   805.9299191
101.5   805.9299191
102.5   805.9299191
103.5   805.9299191
104.5   805.9299191
105.5   805.9299191
106.5   805.9299191
107.5   805.9299191
108.5   805.9299191
109.5   805.9299191
110.5   805.9299191
111.5   805.9299191
112.5   805.9299191
113.5   805.9299191
114.5   805.9299191
115.5   805.9299191
116.5   805.9299191
117.5   805.9299191
118.5   805.9299191
119.5   805.9299191
120.5   805.9299191
121.5   805.9299191
122.5   805.9299191
123.5   805.9299191
124.5   805.9299191
125.5   805.9299191
126.5   805.9299191
127.5   805.9299191
128.5   805.9299191
129.5   805.9299191
130.5   805.9299191
131.5   805.9299191
132.5   805.9299191
133.5   805.9299191
134.5   805.9299191
135.5   805.9299191
136.5   805.9299191
137.5   805.9299191
138.5   805.9299191
139.5   805.9299191
140.5   805.9299191
141.5   805.9299191
142.5   805.9299191
143.5   805.9299191
144.5   805.9299191
145.5   805.9299191
146.5   805.9299191
147.5   805.9299191
148.5   805.9299191
149.5   805.9299191
150.5   805.9299191
151.5   805.9299191
152.5   805.9299191
153.5   805.9299191
154.5   803.2345013
155.5   803.2345013
156.5   803.2345013
157.5   803.2345013
158.5   803.2345013
159.5   803.2345013
160.5   803.2345013
161.5   803.2345013
162.5   803.2345013
163.5   803.2345013
164.5   803.2345013
165.5   803.2345013
166.5   803.2345013
167.5   803.2345013
168.5   803.2345013
169.5   803.2345013
170.5   803.2345013
171.5   803.2345013
172.5   803.2345013
173.5   803.2345013
174.5   803.2345013
175.5   803.2345013
176.5   803.2345013
177.5   803.2345013
178.5   803.2345013
179.5   803.2345013
180.5   803.2345013
181.5   803.2345013
182.5   803.2345013
183.5   803.2345013
184.5   803.2345013
185.5   803.2345013
186.5   803.2345013
187.5   803.2345013
188.5   803.2345013
189.5   803.2345013
190.5   803.2345013
191.5   803.2345013
192.5   803.2345013
193.5   803.2345013
194.5   803.2345013
195.5   803.2345013
196.5   803.2345013
197.5   803.2345013
198.5   803.2345013
199.5   803.2345013
200.5   803.2345013
201.5   803.2345013
202.5   803.2345013
203.5   803.2345013
204.5   803.2345013
205.5   803.2345013
206.5   803.2345013
207.5   803.2345013
208.5   803.2345013
209.5   803.2345013
210.5   803.2345013
211.5   803.2345013
212.5   803.2345013
213.5   803.2345013
214.5   803.2345013
215.5   803.2345013
216.5   803.2345013
217.5   803.2345013
218.5   803.2345013
219.5   803.2345013
220.5   803.2345013
221.5   803.2345013
222.5   803.2345013
223.5   803.2345013
224.5   803.2345013
225.5   803.2345013
226.5   803.2345013
227.5   803.2345013
228.5   803.2345013
229.5   803.2345013
230.5   803.2345013
231.5   803.2345013
232.5   803.2345013
233.5   803.2345013
234.5   803.2345013
235.5   803.2345013
236.5   803.2345013
237.5   800.5390836
238.5   800.5390836
239.5   800.5390836
240.5   800.5390836
241.5   800.5390836
242.5   800.5390836
243.5   800.5390836
244.5   800.5390836
245.5   800.5390836
246.5   800.5390836
247.5   800.5390836
248.5   800.5390836
249.5   800.5390836
250.5   800.5390836
251.5   800.5390836
252.5   800.5390836
253.5   800.5390836
254.5   800.5390836
255.5   800.5390836
256.5   800.5390836
257.5   800.5390836
258.5   800.5390836
259.5   800.5390836
260.5   800.5390836
261.5   800.5390836
262.5   800.5390836
263.5   800.5390836
264.5   800.5390836
265.5   800.5390836
266.5   800.5390836
267.5   800.5390836
268.5   800.5390836
269.5   800.5390836
270.5   800.5390836
271.5   800.5390836
272.5   800.5390836
273.5   800.5390836
274.5   800.5390836
275.5   800.5390836
276.5   800.5390836
277.5   800.5390836
278.5   800.5390836
279.5   800.5390836
280.5   800.5390836
281.5   797.8436658
282.5   797.8436658
283.5   797.8436658
284.5   797.8436658
285.5   797.8436658
286.5   797.8436658
287.5   797.8436658
288.5   797.8436658
289.5   797.8436658
290.5   797.8436658
291.5   797.8436658
292.5   797.8436658
293.5   797.8436658
294.5   797.8436658
295.5   797.8436658
296.5   797.8436658
297.5   797.8436658
298.5   797.8436658
299.5   797.8436658
300.5   797.8436658
301.5   797.8436658
302.5   797.8436658
303.5   797.8436658
304.5   797.8436658
305.5   797.8436658
306.5   797.8436658
307.5   797.8436658
308.5   797.8436658
309.5   797.8436658
310.5   797.8436658
311.5   797.8436658
312.5   797.8436658
313.5   797.8436658
314.5   797.8436658
315.5   797.8436658
316.5   797.8436658
317.5   797.8436658
318.5   797.8436658
319.5   797.8436658
320.5   797.8436658
321.5   797.8436658
322.5   797.8436658
323.5   797.8436658
324.5   797.8436658
325.5   797.8436658
326.5   797.8436658
327.5   797.8436658
328.5   797.8436658
329.5   795.148248
330.5   795.148248
331.5   795.148248
332.5   795.148248
333.5   795.148248
334.5   795.148248
335.5   795.148248
336.5   795.148248
337.5   795.148248
338.5   795.148248
339.5   795.148248
340.5   795.148248
341.5   795.148248
342.5   795.148248
343.5   795.148248
344.5   795.148248
345.5   795.148248
346.5   795.148248
347.5   795.148248
348.5   795.148248
349.5   795.148248
350.5   795.148248
351.5   795.148248
352.5   795.148248
353.5   795.148248
354.5   795.148248
355.5   795.148248
356.5   795.148248
357.5   795.148248
358.5   795.148248
359.5   795.148248
360.5   795.148248
361.5   795.148248
362.5   795.148248
363.5   795.148248
364.5   795.148248
365.5   795.148248
366.5   795.148248
367.5   795.148248
368.5   795.148248
369.5   795.148248
370.5   795.148248
371.5   795.148248
372.5   795.148248
373.5   795.148248
374.5   795.148248
375.5   795.148248
376.5   795.148248
377.5   795.148248
378.5   795.148248
379.5   795.148248
380.5   795.148248
381.5   795.148248
382.5   795.148248
383.5   795.148248
384.5   795.148248
385.5   795.148248
386.5   795.148248
387.5   795.148248
388.5   795.148248
389.5   795.148248
390.5   795.148248
391.5   795.148248
392.5   795.148248
393.5   795.148248
394.5   795.148248
395.5   795.148248
396.5   795.148248
397.5   795.148248
398.5   795.148248
399.5   795.148248
400.5   795.148248
401.5   795.148248
402.5   795.148248
403.5   795.148248
404.5   795.148248
405.5   795.148248
406.5   795.148248
407.5   795.148248
408.5   795.148248
409.5   795.148248
410.5   795.148248
411.5   795.148248
412.5   795.148248
413.5   795.148248
414.5   795.148248
415.5   795.148248
416.5   795.148248
417.5   795.148248
418.5   795.148248
419.5   795.148248
420.5   795.148248
421.5   792.4528302
422.5   792.4528302
423.5   792.4528302
424.5   792.4528302
425.5   792.4528302
426.5   792.4528302
427.5   792.4528302
428.5   792.4528302
429.5   792.4528302
430.5   792.4528302
431.5   792.4528302
432.5   792.4528302
433.5   792.4528302
434.5   792.4528302
435.5   792.4528302
436.5   792.4528302
437.5   792.4528302
438.5   792.4528302
439.5   792.4528302
440.5   792.4528302
441.5   792.4528302
442.5   792.4528302
443.5   792.4528302
444.5   792.4528302
445.5   792.4528302
446.5   792.4528302
447.5   792.4528302
448.5   792.4528302
449.5   792.4528302
450.5   792.4528302
451.5   792.4528302
452.5   792.4528302
453.5   792.4528302
454.5   792.4528302
455.5   792.4528302
456.5   792.4528302
457.5   792.4528302
458.5   792.4528302
459.5   792.4528302
460.5   792.4528302
461.5   792.4528302
462.5   792.4528302
463.5   792.4528302
464.5   792.4528302
465.5   792.4528302
466.5   792.4528302
467.5   792.4528302
468.5   792.4528302
469.5   792.4528302
470.5   792.4528302
471.5   792.4528302
472.5   792.4528302
473.5   792.4528302
474.5   792.4528302
475.5   792.4528302
476.5   792.4528302
477.5   792.4528302
478.5   792.4528302
479.5   792.4528302
480.5   792.4528302
481.5   792.4528302
482.5   792.4528302
483.5   792.4528302
484.5   792.4528302
485.5   792.4528302
486.5   792.4528302
487.5   792.4528302
488.5   792.4528302
489.5   792.4528302
490.5   792.4528302
491.5   792.4528302
492.5   792.4528302
493.5   792.4528302
494.5   792.4528302
495.5   792.4528302
496.5   792.4528302
497.5   792.4528302
498.5   792.4528302
499.5   792.4528302
500.5   792.4528302
501.5   792.4528302
502.5   792.4528302
503.5   792.4528302
504.5   792.4528302
505.5   792.4528302
506.5   792.4528302
507.5   792.4528302
508.5   792.4528302
509.5   792.4528302
510.5   792.4528302
511.5   792.4528302
512.5   792.4528302
513.5   792.4528302
514.5   792.4528302
515.5   792.4528302
516.5   792.4528302
517.5   792.4528302
518.5   792.4528302
519.5   792.4528302
520.5   792.4528302
521.5   792.4528302
522.5   792.4528302
523.5   792.4528302
524.5   792.4528302
525.5   792.4528302
526.5   792.4528302
527.5   792.4528302
528.5   792.4528302
529.5   792.4528302
530.5   792.4528302
531.5   792.4528302
532.5   792.4528302
533.5   792.4528302
534.5   792.4528302
535.5   792.4528302
536.5   792.4528302
537.5   792.4528302
538.5   792.4528302
539.5   792.4528302
540.5   792.4528302
541.5   792.4528302
542.5   792.4528302
543.5   792.4528302
544.5   792.4528302
545.5   792.4528302
546.5   792.4528302
547.5   792.4528302
548.5   792.4528302
549.5   792.4528302
550.5   792.4528302
551.5   792.4528302
552.5   792.4528302
553.5   792.4528302
554.5   792.4528302
555.5   792.4528302
556.5   792.4528302
557.5   792.4528302
558.5   792.4528302
559.5   792.4528302
560.5   792.4528302
561.5   792.4528302
562.5   792.4528302
563.5   792.4528302
564.5   792.4528302
565.5   792.4528302
566.5   792.4528302
567.5   792.4528302
568.5   792.4528302
569.5   792.4528302
570.5   792.4528302
571.5   792.4528302
572.5   792.4528302
573.5   792.4528302
574.5   792.4528302
575.5   792.4528302
576.5   792.4528302
577.5   792.4528302
578.5   792.4528302
579.5   792.4528302
580.5   792.4528302
581.5   792.4528302
582.5   792.4528302
583.5   792.4528302
584.5   792.4528302
585.5   792.4528302
586.5   792.4528302
587.5   792.4528302
588.5   792.4528302
589.5   792.4528302
590.5   792.4528302
591.5   792.4528302
592.5   792.4528302
593.5   792.4528302
594.5   792.4528302
595.5   792.4528302
596.5   792.4528302
597.5   792.4528302
598.5   792.4528302
599.5   792.4528302
600.5   792.4528302
601.5   792.4528302
602.5   792.4528302
603.5   792.4528302
604.5   792.4528302
605.5   792.4528302
606.5   792.4528302
607.5   792.4528302
608.5   792.4528302
609.5   792.4528302
610.5   792.4528302
611.5   792.4528302
612.5   792.4528302
613.5   792.4528302
614.5   792.4528302
615.5   792.4528302
616.5   792.4528302
617.5   792.4528302
618.5   792.4528302
619.5   792.4528302
620.5   792.4528302
621.5   792.4528302
622.5   792.4528302
623.5   792.4528302
624.5   792.4528302
625.5   792.4528302
626.5   792.4528302
627.5   792.4528302
628.5   792.4528302
629.5   792.4528302
630.5   792.4528302
631.5   792.4528302
632.5   792.4528302
633.5   792.4528302
634.5   792.4528302
635.5   792.4528302
636.5   792.4528302
637.5   792.4528302
638.5   792.4528302
639.5   792.4528302
640.5   792.4528302
641.5   792.4528302
642.5   792.4528302
643.5   792.4528302
644.5   792.4528302
645.5   792.4528302
646.5   792.4528302
647.5   792.4528302
648.5   792.4528302
649.5   792.4528302
650.5   792.4528302
651.5   792.4528302
652.5   792.4528302
653.5   792.4528302
654.5   792.4528302
655.5   792.4528302
656.5   792.4528302
657.5   792.4528302
658.5   792.4528302
659.5   792.4528302
660.5   792.4528302
661.5   792.4528302
662.5   792.4528302
663.5   792.4528302
664.5   792.4528302
665.5   792.4528302
666.5   792.4528302
667.5   792.4528302
668.5   792.4528302
669.5   792.4528302
670.5   792.4528302
671.5   792.4528302
672.5   792.4528302
673.5   792.4528302
674.5   792.4528302
675.5   792.4528302
676.5   792.4528302
677.5   792.4528302
678.5   792.4528302
679.5   792.4528302
680.5   792.4528302
681.5   792.4528302
682.5   792.4528302
683.5   792.4528302
684.5   792.4528302
685.5   792.4528302
686.5   792.4528302
687.5   792.4528302
688.5   792.4528302
689.5   792.4528302
690.5   792.4528302
691.5   792.4528302
692.5   792.4528302
693.5   792.4528302
694.5   792.4528302
695.5   792.4528302
696.5   792.4528302
697.5   792.4528302
698.5   792.4528302
699.5   792.4528302
700.5   792.4528302
701.5   792.4528302
702.5   792.4528302
703.5   792.4528302
704.5   792.4528302
705.5   792.4528302
706.5   792.4528302
707.5   792.4528302
708.5   792.4528302
709.5   792.4528302
710.5   792.4528302
711.5   792.4528302
712.5   792.4528302
713.5   792.4528302
714.5   792.4528302
715.5   792.4528302
716.5   792.4528302
717.5   792.4528302
718.5   792.4528302
719.5   792.4528302
720.5   792.4528302
721.5   792.4528302
722.5   792.4528302
723.5   792.4528302
724.5   792.4528302
725.5   792.4528302
726.5   792.4528302
727.5   792.4528302
728.5   792.4528302
729.5   792.4528302
730.5   792.4528302
731.5   792.4528302
732.5   792.4528302
733.5   792.4528302
734.5   792.4528302
735.5   792.4528302
736.5   792.4528302
737.5   792.4528302
738.5   792.4528302
739.5   792.4528302
740.5   792.4528302
741.5   792.4528302
742.5   792.4528302
743.5   792.4528302
744.5   792.4528302
745.5   792.4528302
746.5   795.148248
747.5   795.148248
748.5   795.148248
749.5   795.148248
750.5   795.148248
751.5   795.148248
752.5   795.148248
753.5   795.148248
754.5   795.148248
755.5   795.148248
756.5   795.148248
757.5   795.148248
758.5   795.148248
759.5   795.148248
760.5   795.148248
761.5   795.148248
762.5   795.148248
763.5   795.148248
764.5   795.148248
765.5   795.148248
766.5   795.148248
767.5   795.148248
768.5   795.148248
769.5   795.148248
770.5   795.148248
771.5   795.148248
772.5   795.148248
773.5   795.148248
774.5   795.148248
775.5   795.148248
776.5   795.148248
777.5   795.148248
778.5   795.148248
779.5   795.148248
780.5   795.148248
781.5   795.148248
782.5   795.148248
783.5   795.148248
784.5   795.148248
785.5   795.148248
786.5   795.148248
787.5   795.148248
788.5   795.148248
789.5   795.148248
790.5   795.148248
791.5   795.148248
792.5   795.148248
793.5   795.148248
794.5   795.148248
795.5   795.148248
796.5   795.148248
797.5   795.148248
798.5   795.148248
799.5   795.148248
800.5   795.148248
801.5   795.148248
802.5   795.148248
803.5   795.148248
804.5   795.148248
805.5   795.148248
806.5   795.148248
807.5   795.148248
808.5   795.148248
809.5   795.148248
810.5   795.148248
811.5   795.148248
812.5   795.148248
813.5   795.148248
814.5   795.148248
815.5   795.148248
816.5   795.148248
817.5   795.148248
818.5   795.148248
819.5   795.148248
820.5   795.148248
821.5   797.8436658
822.5   797.8436658
823.5   797.8436658
824.5   797.8436658
825.5   797.8436658
826.5   797.8436658
827.5   797.8436658
828.5   797.8436658
829.5   797.8436658
830.5   797.8436658
831.5   797.8436658
832.5   797.8436658
833.5   797.8436658
834.5   797.8436658
835.5   797.8436658
836.5   797.8436658
837.5   797.8436658
838.5   797.8436658
839.5   797.8436658
840.5   797.8436658
841.5   797.8436658
842.5   797.8436658
843.5   797.8436658
844.5   797.8436658
845.5   797.8436658
846.5   797.8436658
847.5   797.8436658
848.5   797.8436658
849.5   797.8436658
850.5   797.8436658
851.5   797.8436658
852.5   797.8436658
853.5   797.8436658
854.5   797.8436658
855.5   797.8436658
856.5   797.8436658
857.5   797.8436658
858.5   797.8436658
859.5   797.8436658
860.5   797.8436658
861.5   797.8436658
862.5   797.8436658
863.5   797.8436658
864.5   797.8436658
865.5   797.8436658
866.5   797.8436658
867.5   797.8436658
868.5   797.8436658
869.5   797.8436658
870.5   797.8436658
871.5   797.8436658
872.5   797.8436658
873.5   797.8436658
874.5   797.8436658
875.5   797.8436658
876.5   797.8436658
877.5   797.8436658
878.5   797.8436658
879.5   797.8436658
880.5   797.8436658
881.5   797.8436658
882.5   797.8436658
883.5   797.8436658
884.5   797.8436658
885.5   797.8436658
886.5   797.8436658
887.5   797.8436658
888.5   797.8436658
889.5   797.8436658
890.5   797.8436658
891.5   797.8436658
892.5   797.8436658
893.5   800.5390836
894.5   800.5390836
895.5   800.5390836
896.5   800.5390836
897.5   800.5390836
898.5   800.5390836
899.5   800.5390836
900.5   800.5390836
901.5   800.5390836
902.5   800.5390836
903.5   800.5390836
904.5   800.5390836
905.5   800.5390836
906.5   800.5390836
907.5   800.5390836
908.5   800.5390836
909.5   800.5390836
910.5   800.5390836
911.5   800.5390836
912.5   800.5390836
913.5   800.5390836
914.5   800.5390836
915.5   800.5390836
916.5   800.5390836
917.5   800.5390836
918.5   800.5390836
919.5   800.5390836
920.5   800.5390836
921.5   800.5390836
922.5   800.5390836
923.5   800.5390836
924.5   800.5390836
925.5   800.5390836
926.5   800.5390836
927.5   800.5390836
928.5   803.2345013
929.5   803.2345013
930.5   803.2345013
931.5   803.2345013
932.5   803.2345013
933.5   803.2345013
934.5   803.2345013
935.5   803.2345013
936.5   803.2345013
937.5   803.2345013
938.5   803.2345013
939.5   803.2345013
940.5   803.2345013
941.5   803.2345013
942.5   803.2345013
943.5   803.2345013
944.5   803.2345013
945.5   803.2345013
946.5   803.2345013
947.5   803.2345013
948.5   803.2345013
949.5   803.2345013
950.5   803.2345013
951.5   803.2345013
952.5   803.2345013
953.5   803.2345013
954.5   803.2345013
955.5   803.2345013
956.5   803.2345013
957.5   803.2345013
958.5   803.2345013
959.5   803.2345013
960.5   803.2345013
961.5   803.2345013
962.5   803.2345013
963.5   803.2345013
964.5   803.2345013
965.5   803.2345013
966.5   803.2345013
967.5   803.2345013
968.5   805.9299191
969.5   805.9299191
970.5   805.9299191
971.5   805.9299191
972.5   805.9299191
973.5   805.9299191
974.5   805.9299191
975.5   805.9299191
976.5   805.9299191
977.5   805.9299191
978.5   805.9299191
979.5   805.9299191
980.5   805.9299191
981.5   805.9299191
982.5   805.9299191
983.5   805.9299191
984.5   805.9299191
985.5   805.9299191
986.5   805.9299191
987.5   805.9299191
988.5   805.9299191
989.5   805.9299191
990.5   805.9299191
991.5   805.9299191
992.5   805.9299191
993.5   805.9299191
994.5   805.9299191
995.5   805.9299191
996.5   805.9299191
997.5   805.9299191
998.5   805.9299191
999.5   805.9299191
1000.5   805.9299191
1001.5   805.9299191
1002.5   805.9299191
1003.5   805.9299191
1004.5   805.9299191
1005.5   805.9299191
1006.5   805.9299191
1007.5   805.9299191
1008.5   805.9299191
1009.5   805.9299191
1010.5   805.9299191
1011.5   805.9299191
1012.5   805.9299191
1013.5   805.9299191
1014.5   805.9299191
1015.5   808.6253369
1016.5   808.6253369
1017.5   808.6253369
1018.5   808.6253369
1019.5   808.6253369
1020.5   808.6253369
1021.5   808.6253369
1022.5   808.6253369
1023.5   808.6253369
1024.5   808.6253369
1025.5   808.6253369
1026.5   808.6253369
1027.5   808.6253369
1028.5   808.6253369
1029.5   808.6253369
1030.5   808.6253369
1031.5   808.6253369
1032.5   808.6253369
1033.5   808.6253369
1034.5   808.6253369
1035.5   808.6253369
1036.5   808.6253369
1037.5   808.6253369
1038.5   808.6253369
1039.5   808.6253369
1040.5   808.6253369
1041.5   808.6253369
1042.5   808.6253369
1043.5   808.6253369
1044.5   808.6253369
1045.5   808.6253369
1046.5   808.6253369
1047.5   808.6253369
1048.5   808.6253369
1049.5   808.6253369
1050.5   808.6253369
1051.5   808.6253369
1052.5   808.6253369
1053.5   808.6253369
1054.5   808.6253369
1055.5   808.6253369
1056.5   808.6253369
1057.5   808.6253369
1058.5   808.6253369
1059.5   808.6253369
1060.5   808.6253369
1061.5   808.6253369
1062.5   808.6253369
1063.5   808.6253369
1064.5   811.3207547
1065.5   811.3207547
1066.5   811.3207547
1067.5   811.3207547
1068.5   811.3207547
1069.5   811.3207547
1070.5   811.3207547
1071.5   811.3207547
1072.5   811.3207547
1073.5   811.3207547
1074.5   811.3207547
1075.5   811.3207547
1076.5   811.3207547
1077.5   811.3207547
1078.5   811.3207547
1079.5   811.3207547
1080.5   811.3207547
1081.5   811.3207547
1082.5   811.3207547
1083.5   811.3207547
1084.5   811.3207547
1085.5   811.3207547
1086.5   811.3207547
1087.5   811.3207547
1088.5   811.3207547
1089.5   811.3207547
1090.5   811.3207547
1091.5   811.3207547
1092.5   811.3207547
1093.5   811.3207547
1094.5   811.3207547
1095.5   811.3207547
1096.5   811.3207547
1097.5   811.3207547
1098.5   811.3207547
1099.5   811.3207547
1100.5   811.3207547
1101.5   811.3207547
1102.5   811.3207547
1103.5   811.3207547
1104.5   811.3207547
1105.5   811.3207547
1106.5   811.3207547
1107.5   811.3207547
1108.5   811.3207547
1109.5   811.3207547
1110.5   811.3207547
1111.5   811.3207547
1112.5   814.0161725
1113.5   814.0161725
1114.5   814.0161725
1115.5   814.0161725
1116.5   814.0161725
1117.5   814.0161725
1118.5   814.0161725
1119.5   814.0161725
1120.5   814.0161725
1121.5   814.0161725
1122.5   814.0161725
1123.5   814.0161725
1124.5   814.0161725
1125.5   814.0161725
1126.5   814.0161725
1127.5   814.0161725
1128.5   814.0161725
1129.5   814.0161725
1130.5   814.0161725
1131.5   814.0161725
1132.5   814.0161725
1133.5   814.0161725
1134.5   814.0161725
1135.5   814.0161725
1136.5   814.0161725
1137.5   814.0161725
1138.5   814.0161725
1139.5   814.0161725
1140.5   814.0161725
1141.5   814.0161725
1142.5   814.0161725
1143.5   814.0161725
1144.5   814.0161725
1145.5   814.0161725
1146.5   814.0161725
1147.5   814.0161725
1148.5   814.0161725
1149.5   814.0161725
1150.5   814.0161725
1151.5   814.0161725
1152.5   814.0161725
1153.5   814.0161725
1154.5   814.0161725
1155.5   814.0161725
1156.5   814.0161725
1157.5   814.0161725
1158.5   814.0161725
1159.5   814.0161725
1160.5   814.0161725
1161.5   814.0161725
1162.5   814.0161725
1163.5   814.0161725
1164.5   814.0161725
1165.5   814.0161725
1166.5   814.0161725
1167.5   816.7115903
1168.5   816.7115903
1169.5   816.7115903
1170.5   816.7115903
1171.5   816.7115903
1172.5   816.7115903
1173.5   816.7115903
1174.5   816.7115903
1175.5   816.7115903
1176.5   816.7115903
1177.5   816.7115903
1178.5   816.7115903
1179.5   816.7115903
1180.5   816.7115903
1181.5   816.7115903
1182.5   816.7115903
1183.5   816.7115903
1184.5   816.7115903
1185.5   816.7115903
1186.5   816.7115903
1187.5   816.7115903
1188.5   816.7115903
1189.5   816.7115903
1190.5   816.7115903
1191.5   816.7115903
1192.5   816.7115903
1193.5   816.7115903
1194.5   816.7115903
1195.5   816.7115903
1196.5   816.7115903
1197.5   816.7115903
1198.5   816.7115903
1199.5   816.7115903
1200.5   816.7115903
1201.5   816.7115903
1202.5   816.7115903
1203.5   816.7115903
1204.5   816.7115903
1205.5   816.7115903
1206.5   816.7115903
1207.5   816.7115903
1208.5   816.7115903
1209.5   816.7115903
1210.5   816.7115903
1211.5   816.7115903
1212.5   816.7115903
1213.5   816.7115903
1214.5   816.7115903
1215.5   816.7115903
1216.5   816.7115903
1217.5   816.7115903
1218.5   816.7115903
1219.5   816.7115903
1220.5   816.7115903
1221.5   816.7115903
1222.5   816.7115903
1223.5   816.7115903
1224.5   819.4070081
1225.5   819.4070081
1226.5   819.4070081
1227.5   819.4070081
1228.5   819.4070081
1229.5   819.4070081
1230.5   819.4070081
1231.5   819.4070081
1232.5   819.4070081
1233.5   819.4070081
1234.5   819.4070081
1235.5   819.4070081
1236.5   819.4070081
1237.5   819.4070081
1238.5   819.4070081
1239.5   819.4070081
1240.5   819.4070081
1241.5   819.4070081
1242.5   819.4070081
1243.5   819.4070081
1244.5   819.4070081
1245.5   819.4070081
1246.5   819.4070081
1247.5   819.4070081
1248.5   819.4070081
1249.5   819.4070081
1250.5   819.4070081
1251.5   819.4070081
1252.5   819.4070081
1253.5   819.4070081
1254.5   819.4070081
1255.5   819.4070081
1256.5   819.4070081
1257.5   819.4070081
1258.5   819.4070081
1259.5   819.4070081
1260.5   819.4070081
1261.5   819.4070081
1262.5   819.4070081
1263.5   819.4070081
1264.5   819.4070081
1265.5   819.4070081
1266.5   819.4070081
1267.5   819.4070081
1268.5   819.4070081
1269.5   819.4070081
1270.5   819.4070081
1271.5   819.4070081
1272.5   819.4070081
1273.5   819.4070081
1274.5   819.4070081
1275.5   819.4070081
1276.5   819.4070081
1277.5   819.4070081
1278.5   819.4070081
1279.5   822.1024259
1280.5   822.1024259
1281.5   822.1024259
1282.5   822.1024259
1283.5   822.1024259
1284.5   822.1024259
1285.5   822.1024259
1286.5   822.1024259
1287.5   822.1024259
1288.5   822.1024259
1289.5   822.1024259
1290.5   822.1024259
1291.5   822.1024259
1292.5   822.1024259
1293.5   822.1024259
1294.5   822.1024259
1295.5   822.1024259
1296.5   822.1024259
1297.5   822.1024259
1298.5   822.1024259
1299.5   822.1024259
1300.5   822.1024259
1301.5   822.1024259
1302.5   822.1024259
1303.5   822.1024259
1304.5   822.1024259
1305.5   822.1024259
1306.5   822.1024259
1307.5   822.1024259
1308.5   822.1024259
1309.5   822.1024259
1310.5   822.1024259
1311.5   822.1024259
1312.5   822.1024259
1313.5   822.1024259
1314.5   822.1024259
1315.5   822.1024259
1316.5   822.1024259
1317.5   822.1024259
1318.5   822.1024259
1319.5   822.1024259
1320.5   822.1024259
1321.5   822.1024259
1322.5   822.1024259
1323.5   822.1024259
1324.5   822.1024259
1325.5   822.1024259
1326.5   822.1024259
1327.5   822.1024259
1328.5   822.1024259
1329.5   822.1024259
1330.5   822.1024259
1331.5   822.1024259
1332.5   822.1024259
1333.5   822.1024259
1334.5   822.1024259
1335.5   822.1024259
1336.5   822.1024259
1337.5   822.1024259
1338.5   824.7978437
1339.5   824.7978437
1340.5   824.7978437
1341.5   824.7978437
1342.5   824.7978437
1343.5   824.7978437
1344.5   824.7978437
1345.5   824.7978437
1346.5   824.7978437
1347.5   824.7978437
1348.5   824.7978437
1349.5   824.7978437
1350.5   824.7978437
1351.5   824.7978437
1352.5   824.7978437
1353.5   824.7978437
1354.5   824.7978437
1355.5   824.7978437
1356.5   824.7978437
1357.5   824.7978437
1358.5   824.7978437
1359.5   824.7978437
1360.5   824.7978437
1361.5   824.7978437
1362.5   824.7978437
1363.5   824.7978437
1364.5   824.7978437
1365.5   824.7978437
1366.5   824.7978437
1367.5   824.7978437
1368.5   824.7978437
1369.5   824.7978437
1370.5   824.7978437
1371.5   824.7978437
1372.5   824.7978437
1373.5   824.7978437
1374.5   824.7978437
1375.5   824.7978437
1376.5   824.7978437
1377.5   824.7978437
1378.5   824.7978437
1379.5   824.7978437
1380.5   824.7978437
1381.5   824.7978437
1382.5   824.7978437
1383.5   824.7978437
1384.5   824.7978437
1385.5   824.7978437
1386.5   824.7978437
1387.5   824.7978437
1388.5   824.7978437
1389.5   824.7978437
1390.5   824.7978437
1391.5   824.7978437
1392.5   824.7978437
1393.5   824.7978437
1394.5   824.7978437
1395.5   824.7978437
1396.5   824.7978437
1397.5   824.7978437
1398.5   824.7978437
1399.5   824.7978437
1400.5   824.7978437
1401.5   824.7978437
1402.5   824.7978437
1403.5   824.7978437
1404.5   824.7978437
1405.5   824.7978437
1406.5   824.7978437
1407.5   824.7978437
1408.5   824.7978437
1409.5   824.7978437
1410.5   824.7978437
1411.5   824.7978437
1412.5   824.7978437
1413.5   824.7978437
1414.5   824.7978437
1415.5   824.7978437
1416.5   824.7978437
1417.5   824.7978437
1418.5   824.7978437
1419.5   824.7978437
1420.5   824.7978437
1421.5   824.7978437
1422.5   824.7978437
1423.5   824.7978437
1424.5   824.7978437
1425.5   824.7978437
1426.5   824.7978437
1427.5   824.7978437
1428.5   824.7978437
1429.5   824.7978437
1430.5   824.7978437
1431.5   824.7978437
1432.5   824.7978437
1433.5   824.7978437
1434.5   824.7978437
1435.5   824.7978437
1436.5   824.7978437
1437.5   824.7978437
1438.5   824.7978437
1439.5   824.7978437
1440.5   824.7978437
1441.5   824.7978437
1442.5   824.7978437
1443.5   824.7978437
1444.5   824.7978437
1445.5   824.7978437
1446.5   824.7978437
1447.5   824.7978437
1448.5   824.7978437
1449.5   824.7978437
1450.5   824.7978437
1451.5   824.7978437
1452.5   824.7978437
1453.5   824.7978437
1454.5   824.7978437
1455.5   824.7978437
1456.5   824.7978437
1457.5   824.7978437
1458.5   824.7978437
1459.5   824.7978437
1460.5   824.7978437
1461.5   824.7978437
1462.5   824.7978437
1463.5   824.7978437
1464.5   824.7978437
1465.5   824.7978437
1466.5   824.7978437
1467.5   824.7978437
1468.5   824.7978437
1469.5   824.7978437
1470.5   824.7978437
1471.5   824.7978437
1472.5   824.7978437
1473.5   824.7978437
1474.5   824.7978437
1475.5   824.7978437
1476.5   824.7978437
1477.5   824.7978437
1478.5   824.7978437
1479.5   824.7978437
1480.5   824.7978437
1481.5   824.7978437
1482.5   824.7978437
1483.5   824.7978437
1484.5   824.7978437
1485.5   824.7978437
1486.5   824.7978437
1487.5   824.7978437
1488.5   824.7978437
1489.5   824.7978437
1490.5   824.7978437
1491.5   824.7978437
1492.5   824.7978437
1493.5   824.7978437
1494.5   824.7978437
1495.5   824.7978437
1496.5   824.7978437
1497.5   824.7978437
1498.5   824.7978437
1499.5   824.7978437
1500.5   824.7978437
1501.5   824.7978437
1502.5   824.7978437
1503.5   824.7978437
1504.5   824.7978437
1505.5   824.7978437
1506.5   824.7978437
1507.5   824.7978437
1508.5   824.7978437
1509.5   824.7978437
1510.5   824.7978437
1511.5   824.7978437
1512.5   824.7978437
1513.5   824.7978437
1514.5   824.7978437
1515.5   824.7978437
1516.5   824.7978437
1517.5   824.7978437
1518.5   824.7978437
1519.5   824.7978437
1520.5   824.7978437
1521.5   824.7978437
1522.5   824.7978437
1523.5   824.7978437
1524.5   824.7978437
1525.5   824.7978437
1526.5   824.7978437
1527.5   824.7978437
1528.5   824.7978437
1529.5   824.7978437
1530.5   824.7978437
1531.5   824.7978437
1532.5   824.7978437
1533.5   824.7978437
1534.5   824.7978437
1535.5   824.7978437
1536.5   824.7978437
1537.5   822.1024259
1538.5   822.1024259
1539.5   822.1024259
1540.5   822.1024259
1541.5   822.1024259
1542.5   822.1024259
1543.5   822.1024259
1544.5   822.1024259
1545.5   822.1024259
1546.5   822.1024259
1547.5   822.1024259
1548.5   822.1024259
1549.5   822.1024259
1550.5   822.1024259
1551.5   822.1024259
1552.5   822.1024259
1553.5   822.1024259
1554.5   822.1024259
1555.5   822.1024259
1556.5   822.1024259
1557.5   822.1024259
1558.5   822.1024259
1559.5   822.1024259
1560.5   822.1024259
1561.5   822.1024259
1562.5   822.1024259
1563.5   822.1024259
1564.5   822.1024259
1565.5   822.1024259
1566.5   822.1024259
1567.5   822.1024259
1568.5   822.1024259
1569.5   822.1024259
1570.5   822.1024259
1571.5   822.1024259
1572.5   822.1024259
1573.5   822.1024259
1574.5   822.1024259
1575.5   822.1024259
1576.5   822.1024259
1577.5   822.1024259
1578.5   822.1024259
1579.5   822.1024259
1580.5   822.1024259
1581.5   822.1024259
1582.5   822.1024259
1583.5   822.1024259
1584.5   822.1024259
1585.5   822.1024259
1586.5   822.1024259
1587.5   822.1024259
1588.5   822.1024259
1589.5   822.1024259
1590.5   822.1024259
1591.5   822.1024259
1592.5   819.4070081
1593.5   819.4070081
1594.5   819.4070081
1595.5   819.4070081
1596.5   819.4070081
1597.5   819.4070081
1598.5   819.4070081
1599.5   819.4070081
1600.5   819.4070081
1601.5   819.4070081
1602.5   819.4070081
1603.5   819.4070081
1604.5   819.4070081
1605.5   819.4070081
1606.5   819.4070081
1607.5   819.4070081
1608.5   819.4070081
1609.5   819.4070081
1610.5   819.4070081
1611.5   819.4070081
1612.5   819.4070081
1613.5   819.4070081
1614.5   819.4070081
1615.5   819.4070081
1616.5   819.4070081
1617.5   819.4070081
1618.5   819.4070081
1619.5   819.4070081
1620.5   819.4070081
1621.5   819.4070081
1622.5   819.4070081
1623.5   819.4070081
1624.5   819.4070081
1625.5   819.4070081
1626.5   819.4070081
1627.5   819.4070081
1628.5   819.4070081
1629.5   819.4070081
1630.5   819.4070081
1631.5   819.4070081
1632.5   819.4070081
1633.5   819.4070081
1634.5   819.4070081
1635.5   819.4070081
1636.5   819.4070081
1637.5   819.4070081
1638.5   819.4070081
1639.5   819.4070081
1640.5   819.4070081
1641.5   819.4070081
1642.5   819.4070081
1643.5   819.4070081
1644.5   819.4070081
1645.5   814.0161725
1646.5   814.0161725
1647.5   814.0161725
1648.5   814.0161725
1649.5   814.0161725
1650.5   814.0161725
1651.5   814.0161725
1652.5   814.0161725
1653.5   814.0161725
1654.5   814.0161725
1655.5   814.0161725
1656.5   814.0161725
1657.5   814.0161725
1658.5   814.0161725
1659.5   814.0161725
1660.5   814.0161725
1661.5   814.0161725
1662.5   814.0161725
1663.5   814.0161725
1664.5   814.0161725
1665.5   814.0161725
1666.5   814.0161725
1667.5   814.0161725
1668.5   814.0161725
1669.5   814.0161725
1670.5   814.0161725
1671.5   814.0161725
1672.5   814.0161725
1673.5   814.0161725
1674.5   814.0161725
1675.5   814.0161725
1676.5   814.0161725
1677.5   814.0161725
1678.5   814.0161725
1679.5   814.0161725
1680.5   814.0161725
1681.5   814.0161725
1682.5   814.0161725
1683.5   814.0161725
1684.5   814.0161725
1685.5   814.0161725
1686.5   814.0161725
1687.5   814.0161725
1688.5   814.0161725
1689.5   814.0161725
1690.5   814.0161725
1691.5   814.0161725
1692.5   814.0161725
1693.5   814.0161725
1694.5   808.6253369
1695.5   808.6253369
1696.5   808.6253369
1697.5   808.6253369
1698.5   808.6253369
1699.5   808.6253369
1700.5   808.6253369
1701.5   808.6253369
1702.5   808.6253369
1703.5   808.6253369
1704.5   808.6253369
1705.5   808.6253369
1706.5   808.6253369
1707.5   808.6253369
1708.5   808.6253369
1709.5   808.6253369
1710.5   808.6253369
1711.5   808.6253369
1712.5   808.6253369
1713.5   808.6253369
1714.5   808.6253369
1715.5   808.6253369
1716.5   808.6253369
1717.5   808.6253369
1718.5   808.6253369
1719.5   808.6253369
1720.5   808.6253369
1721.5   808.6253369
1722.5   808.6253369
1723.5   808.6253369
1724.5   808.6253369
1725.5   808.6253369
1726.5   808.6253369
1727.5   808.6253369
1728.5   808.6253369
1729.5   808.6253369
1730.5   808.6253369
1731.5   808.6253369
1732.5   808.6253369
1733.5   808.6253369
1734.5   808.6253369
1735.5   808.6253369
1736.5   808.6253369
1737.5   808.6253369
1738.5   808.6253369
1739.5   800.5390836
1740.5   800.5390836
1741.5   800.5390836
1742.5   800.5390836
1743.5   800.5390836
1744.5   800.5390836
1745.5   800.5390836
1746.5   800.5390836
1747.5   800.5390836
1748.5   800.5390836
1749.5   800.5390836
1750.5   800.5390836
1751.5   800.5390836
1752.5   800.5390836
1753.5   800.5390836
1754.5   800.5390836
1755.5   800.5390836
1756.5   800.5390836
1757.5   800.5390836
1758.5   800.5390836
1759.5   800.5390836
1760.5   800.5390836
1761.5   800.5390836
1762.5   800.5390836
1763.5   800.5390836
1764.5   800.5390836
1765.5   800.5390836
1766.5   800.5390836
1767.5   800.5390836
1768.5   800.5390836
1769.5   800.5390836
1770.5   800.5390836
1771.5   800.5390836
1772.5   800.5390836
1773.5   800.5390836
1774.5   800.5390836
1775.5   800.5390836
1776.5   800.5390836
1777.5   800.5390836
1778.5   800.5390836
1779.5   795.148248
1780.5   795.148248
1781.5   795.148248
1782.5   795.148248
1783.5   795.148248
1784.5   795.148248
1785.5   795.148248
1786.5   795.148248
1787.5   795.148248
1788.5   795.148248
1789.5   795.148248
1790.5   795.148248
1791.5   795.148248
1792.5   795.148248
1793.5   795.148248
1794.5   795.148248
1795.5   795.148248
1796.5   795.148248
1797.5   795.148248
1798.5   795.148248
1799.5   795.148248
1800.5   795.148248
1801.5   795.148248
1802.5   795.148248
1803.5   795.148248
1804.5   795.148248
1805.5   795.148248
1806.5   795.148248
1807.5   795.148248
1808.5   795.148248
1809.5   795.148248
1810.5   795.148248
1811.5   795.148248
1812.5   795.148248
1813.5   795.148248
1814.5   795.148248
1815.5   795.148248
1816.5   795.148248
1817.5   795.148248
1818.5   795.148248
1819.5   795.148248
1820.5   795.148248
1821.5   795.148248
1822.5   795.148248
1823.5   795.148248
1824.5   784.3665768
1825.5   784.3665768
1826.5   784.3665768
1827.5   784.3665768
1828.5   784.3665768
1829.5   784.3665768
1830.5   784.3665768
1831.5   784.3665768
1832.5   784.3665768
1833.5   784.3665768
1834.5   784.3665768
1835.5   784.3665768
1836.5   784.3665768
1837.5   784.3665768
1838.5   784.3665768
1839.5   784.3665768
1840.5   784.3665768
1841.5   784.3665768
1842.5   784.3665768
1843.5   784.3665768
1844.5   784.3665768
1845.5   784.3665768
1846.5   784.3665768
1847.5   784.3665768
1848.5   784.3665768
1849.5   784.3665768
1850.5   784.3665768
1851.5   784.3665768
1852.5   784.3665768
1853.5   784.3665768
1854.5   784.3665768
1855.5   784.3665768
1856.5   784.3665768
1857.5   784.3665768
1858.5   784.3665768
1859.5   784.3665768
1860.5   784.3665768
1861.5   784.3665768
1862.5   784.3665768
1863.5   784.3665768
1864.5   784.3665768
1865.5   784.3665768
1866.5   784.3665768
1867.5   784.3665768
1868.5   784.3665768
1869.5   784.3665768
1870.5   784.3665768
1871.5   776.2803235
1872.5   776.2803235
1873.5   776.2803235
1874.5   776.2803235
1875.5   776.2803235
1876.5   776.2803235
1877.5   776.2803235
1878.5   776.2803235
1879.5   776.2803235
1880.5   776.2803235
1881.5   776.2803235
1882.5   776.2803235
1883.5   776.2803235
1884.5   776.2803235
1885.5   776.2803235
1886.5   776.2803235
1887.5   776.2803235
1888.5   776.2803235
1889.5   776.2803235
1890.5   776.2803235
1891.5   776.2803235
1892.5   776.2803235
1893.5   776.2803235
1894.5   776.2803235
1895.5   776.2803235
1896.5   776.2803235
1897.5   776.2803235
1898.5   776.2803235
1899.5   776.2803235
1900.5   776.2803235
1901.5   776.2803235
1902.5   776.2803235
1903.5   776.2803235
1904.5   776.2803235
1905.5   776.2803235
1906.5   776.2803235
1907.5   776.2803235
1908.5   776.2803235
1909.5   776.2803235
1910.5   776.2803235
1911.5   776.2803235
1912.5   776.2803235
1913.5   776.2803235
1914.5   776.2803235
1915.5   765.4986523
1916.5   765.4986523
1917.5   765.4986523
1918.5   765.4986523
1919.5   765.4986523
1920.5   765.4986523
1921.5   765.4986523
1922.5   765.4986523
1923.5   765.4986523
1924.5   765.4986523
1925.5   765.4986523
1926.5   765.4986523
1927.5   765.4986523
1928.5   765.4986523
1929.5   765.4986523
1930.5   765.4986523
1931.5   765.4986523
1932.5   765.4986523
1933.5   765.4986523
1934.5   765.4986523
1935.5   765.4986523
1936.5   765.4986523
1937.5   765.4986523
1938.5   765.4986523
1939.5   765.4986523
1940.5   765.4986523
1941.5   765.4986523
1942.5   765.4986523
1943.5   765.4986523
1944.5   765.4986523
1945.5   765.4986523
1946.5   765.4986523
1947.5   765.4986523
1948.5   765.4986523
1949.5   765.4986523
1950.5   765.4986523
1951.5   765.4986523
1952.5   765.4986523
1953.5   765.4986523
1954.5   765.4986523
1955.5   765.4986523
1956.5   765.4986523
1957.5   765.4986523
1958.5   765.4986523
1959.5   765.4986523
1960.5   765.4986523
1961.5   765.4986523
1962.5   765.4986523
1963.5   765.4986523
1964.5   765.4986523
1965.5   749.3261456
1966.5   749.3261456
1967.5   749.3261456
1968.5   749.3261456
1969.5   749.3261456
1970.5   749.3261456
1971.5   749.3261456
1972.5   749.3261456
1973.5   749.3261456
1974.5   749.3261456
1975.5   749.3261456
1976.5   749.3261456
1977.5   749.3261456
1978.5   749.3261456
1979.5   749.3261456
1980.5   749.3261456
1981.5   749.3261456
1982.5   749.3261456
1983.5   749.3261456
1984.5   749.3261456
1985.5   749.3261456
1986.5   749.3261456
1987.5   749.3261456
1988.5   749.3261456
1989.5   749.3261456
1990.5   749.3261456
1991.5   749.3261456
1992.5   749.3261456
1993.5   749.3261456
1994.5   749.3261456
1995.5   749.3261456
1996.5   749.3261456
1997.5   749.3261456
1998.5   749.3261456
1999.5   749.3261456
2000.5   749.3261456
2001.5   749.3261456
2002.5   749.3261456
2003.5   749.3261456
2004.5   749.3261456
2005.5   749.3261456
2006.5   749.3261456
2007.5   749.3261456
2008.5   749.3261456
2009.5   749.3261456
2010.5   749.3261456
2011.5   749.3261456
2012.5   749.3261456
2013.5   749.3261456
2014.5   749.3261456
2015.5   749.3261456
2016.5   749.3261456
2017.5   749.3261456
2018.5   749.3261456
2019.5   749.3261456
2020.5   749.3261456
2021.5   749.3261456
2022.5   749.3261456
2023.5   730.458221
2024.5   730.458221
2025.5   730.458221
2026.5   730.458221
2027.5   730.458221
2028.5   730.458221
2029.5   730.458221
2030.5   730.458221
2031.5   730.458221
2032.5   730.458221
2033.5   730.458221
2034.5   730.458221
2035.5   730.458221
2036.5   730.458221
2037.5   730.458221
2038.5   730.458221
2039.5   730.458221
2040.5   730.458221
2041.5   730.458221
2042.5   730.458221
2043.5   730.458221
2044.5   730.458221
2045.5   730.458221
2046.5   730.458221
2047.5   730.458221
2048.5   730.458221
2049.5   730.458221
2050.5   730.458221
2051.5   730.458221
2052.5   730.458221
2053.5   730.458221
2054.5   730.458221
2055.5   730.458221
2056.5   730.458221
2057.5   730.458221
2058.5   730.458221
2059.5   730.458221
2060.5   730.458221
2061.5   730.458221
2062.5   730.458221
2063.5   730.458221
2064.5   730.458221
2065.5   730.458221
2066.5   730.458221
2067.5   730.458221
2068.5   730.458221
2069.5   730.458221
2070.5   730.458221
2071.5   730.458221
2072.5   730.458221
2073.5   730.458221
2074.5   730.458221
2075.5   730.458221
2076.5   730.458221
2077.5   730.458221
2078.5   730.458221
2079.5   711.5902965
2080.5   711.5902965
2081.5   711.5902965
2082.5   711.5902965
2083.5   711.5902965
2084.5   711.5902965
2085.5   711.5902965
2086.5   711.5902965
2087.5   711.5902965
2088.5   711.5902965
2089.5   711.5902965
2090.5   711.5902965
2091.5   711.5902965
2092.5   711.5902965
2093.5   711.5902965
2094.5   711.5902965
2095.5   711.5902965
2096.5   711.5902965
2097.5   711.5902965
2098.5   711.5902965
2099.5   711.5902965
2100.5   711.5902965
2101.5   711.5902965
2102.5   711.5902965
2103.5   711.5902965
2104.5   711.5902965
2105.5   711.5902965
2106.5   711.5902965
2107.5   711.5902965
2108.5   711.5902965
2109.5   711.5902965
2110.5   711.5902965
2111.5   711.5902965
2112.5   711.5902965
2113.5   711.5902965
2114.5   711.5902965
2115.5   711.5902965
2116.5   711.5902965
2117.5   711.5902965
2118.5   711.5902965
2119.5   711.5902965
2120.5   711.5902965
2121.5   711.5902965
2122.5   711.5902965
2123.5   711.5902965
2124.5   711.5902965
2125.5   695.4177898
2126.5   695.4177898
2127.5   695.4177898
2128.5   695.4177898
2129.5   695.4177898
2130.5   695.4177898
2131.5   695.4177898
2132.5   695.4177898
2133.5   695.4177898
2134.5   695.4177898
2135.5   695.4177898
2136.5   695.4177898
2137.5   695.4177898
2138.5   695.4177898
2139.5   695.4177898
2140.5   695.4177898
2141.5   695.4177898
2142.5   695.4177898
2143.5   695.4177898
2144.5   695.4177898
2145.5   695.4177898
2146.5   695.4177898
2147.5   695.4177898
2148.5   695.4177898
2149.5   695.4177898
2150.5   695.4177898
2151.5   695.4177898
2152.5   695.4177898
2153.5   695.4177898
2154.5   695.4177898
2155.5   695.4177898
2156.5   695.4177898
2157.5   695.4177898
2158.5   695.4177898
2159.5   695.4177898
2160.5   695.4177898
2161.5   695.4177898
2162.5   695.4177898
2163.5   695.4177898
2164.5   695.4177898
2165.5   695.4177898
2166.5   695.4177898
2167.5   695.4177898
2168.5   695.4177898
2169.5   679.245283
2170.5   679.245283
2171.5   679.245283
2172.5   679.245283
2173.5   679.245283
2174.5   679.245283
2175.5   679.245283
2176.5   679.245283
2177.5   679.245283
2178.5   679.245283
2179.5   679.245283
2180.5   679.245283
2181.5   679.245283
2182.5   679.245283
2183.5   679.245283
2184.5   679.245283
2185.5   679.245283
2186.5   679.245283
2187.5   679.245283
2188.5   679.245283
2189.5   679.245283
2190.5   679.245283
2191.5   679.245283
2192.5   679.245283
2193.5   679.245283
2194.5   679.245283
2195.5   679.245283
2196.5   679.245283
2197.5   679.245283
2198.5   679.245283
2199.5   679.245283
2200.5   679.245283
2201.5   679.245283
2202.5   679.245283
2203.5   679.245283
2204.5   679.245283
2205.5   679.245283
2206.5   679.245283
2207.5   679.245283
2208.5   679.245283
2209.5   679.245283
2210.5   679.245283
2211.5   663.0727763
2212.5   663.0727763
2213.5   663.0727763
2214.5   663.0727763
2215.5   663.0727763
2216.5   663.0727763
2217.5   663.0727763
2218.5   663.0727763
2219.5   663.0727763
2220.5   663.0727763
2221.5   663.0727763
2222.5   663.0727763
2223.5   663.0727763
2224.5   663.0727763
2225.5   663.0727763
2226.5   663.0727763
2227.5   663.0727763
2228.5   663.0727763
2229.5   663.0727763
2230.5   663.0727763
2231.5   663.0727763
2232.5   663.0727763
2233.5   663.0727763
2234.5   663.0727763
2235.5   663.0727763
2236.5   663.0727763
2237.5   663.0727763
2238.5   663.0727763
2239.5   663.0727763
2240.5   663.0727763
2241.5   663.0727763
2242.5   663.0727763
2243.5   663.0727763
2244.5   663.0727763
2245.5   663.0727763
2246.5   663.0727763
2247.5   663.0727763
2248.5   663.0727763
2249.5   663.0727763
2250.5   663.0727763
2251.5   663.0727763
2252.5   663.0727763
2253.5   644.2048518
2254.5   644.2048518
2255.5   644.2048518
2256.5   644.2048518
2257.5   644.2048518
2258.5   644.2048518
2259.5   644.2048518
2260.5   644.2048518
2261.5   644.2048518
2262.5   644.2048518
2263.5   644.2048518
2264.5   644.2048518
2265.5   644.2048518
2266.5   644.2048518
2267.5   644.2048518
2268.5   644.2048518
2269.5   644.2048518
2270.5   644.2048518
2271.5   644.2048518
2272.5   644.2048518
2273.5   644.2048518
2274.5   644.2048518
2275.5   644.2048518
2276.5   644.2048518
2277.5   644.2048518
2278.5   644.2048518
2279.5   644.2048518
2280.5   644.2048518
2281.5   644.2048518
2282.5   644.2048518
2283.5   644.2048518
2284.5   644.2048518
2285.5   644.2048518
2286.5   644.2048518
2287.5   644.2048518
2288.5   644.2048518
2289.5   644.2048518
2290.5   644.2048518
2291.5   644.2048518
2292.5   644.2048518
2293.5   644.2048518
2294.5   644.2048518
2295.5   644.2048518
2296.5   644.2048518
2297.5   644.2048518
2298.5   644.2048518
2299.5   622.6415094
2300.5   622.6415094
2301.5   622.6415094
2302.5   622.6415094
2303.5   622.6415094
2304.5   622.6415094
2305.5   622.6415094
2306.5   622.6415094
2307.5   622.6415094
2308.5   622.6415094
2309.5   622.6415094
2310.5   622.6415094
2311.5   622.6415094
2312.5   622.6415094
2313.5   622.6415094
2314.5   622.6415094
2315.5   622.6415094
2316.5   622.6415094
2317.5   622.6415094
2318.5   622.6415094
2319.5   622.6415094
2320.5   622.6415094
2321.5   622.6415094
2322.5   622.6415094
2323.5   622.6415094
2324.5   622.6415094
2325.5   622.6415094
2326.5   622.6415094
2327.5   622.6415094
2328.5   622.6415094
2329.5   622.6415094
2330.5   622.6415094
2331.5   622.6415094
2332.5   622.6415094
2333.5   622.6415094
2334.5   622.6415094
2335.5   622.6415094
2336.5   622.6415094
2337.5   622.6415094
2338.5   622.6415094
2339.5   622.6415094
2340.5   622.6415094
2341.5   622.6415094
2342.5   622.6415094
2343.5   622.6415094
2344.5   622.6415094
2345.5   622.6415094
2346.5   622.6415094
2347.5   622.6415094
2348.5   601.0781671
2349.5   601.0781671
2350.5   601.0781671
2351.5   601.0781671
2352.5   601.0781671
2353.5   601.0781671
2354.5   601.0781671
2355.5   601.0781671
2356.5   601.0781671
2357.5   601.0781671
2358.5   601.0781671
2359.5   601.0781671
2360.5   601.0781671
2361.5   601.0781671
2362.5   601.0781671
2363.5   601.0781671
2364.5   601.0781671
2365.5   601.0781671
2366.5   601.0781671
2367.5   601.0781671
2368.5   601.0781671
2369.5   601.0781671
2370.5   601.0781671
2371.5   601.0781671
2372.5   601.0781671
2373.5   601.0781671
2374.5   601.0781671
2375.5   601.0781671
2376.5   601.0781671
2377.5   601.0781671
2378.5   601.0781671
2379.5   601.0781671
2380.5   601.0781671
2381.5   601.0781671
2382.5   601.0781671
2383.5   601.0781671
2384.5   601.0781671
2385.5   601.0781671
2386.5   601.0781671
2387.5   601.0781671
2388.5   601.0781671
2389.5   601.0781671
2390.5   601.0781671
2391.5   601.0781671
2392.5   601.0781671
2393.5   601.0781671
2394.5   601.0781671
2395.5   601.0781671
2396.5   579.5148248
2397.5   579.5148248
2398.5   579.5148248
2399.5   579.5148248
2400.5   579.5148248
2401.5   579.5148248
2402.5   579.5148248
2403.5   579.5148248
2404.5   579.5148248
2405.5   579.5148248
2406.5   579.5148248
2407.5   579.5148248
2408.5   579.5148248
2409.5   579.5148248
2410.5   579.5148248
2411.5   579.5148248
2412.5   579.5148248
2413.5   579.5148248
2414.5   579.5148248
2415.5   579.5148248
2416.5   579.5148248
2417.5   579.5148248
2418.5   579.5148248
2419.5   579.5148248
2420.5   579.5148248
2421.5   579.5148248
2422.5   579.5148248
2423.5   579.5148248
2424.5   579.5148248
2425.5   579.5148248
2426.5   579.5148248
2427.5   579.5148248
2428.5   579.5148248
2429.5   579.5148248
2430.5   579.5148248
2431.5   579.5148248
2432.5   579.5148248
2433.5   579.5148248
2434.5   579.5148248
2435.5   579.5148248
2436.5   579.5148248
2437.5   579.5148248
2438.5   579.5148248
2439.5   579.5148248
2440.5   579.5148248
2441.5   579.5148248
2442.5   579.5148248
2443.5   579.5148248
2444.5   579.5148248
2445.5   579.5148248
2446.5   557.9514825
2447.5   557.9514825
2448.5   557.9514825
2449.5   557.9514825
2450.5   557.9514825
2451.5   557.9514825
2452.5   557.9514825
2453.5   557.9514825
2454.5   557.9514825
2455.5   557.9514825
2456.5   557.9514825
2457.5   557.9514825
2458.5   557.9514825
2459.5   557.9514825
2460.5   557.9514825
2461.5   557.9514825
2462.5   557.9514825
2463.5   557.9514825
2464.5   557.9514825
2465.5   557.9514825
2466.5   557.9514825
2467.5   557.9514825
2468.5   557.9514825
2469.5   557.9514825
2470.5   557.9514825
2471.5   557.9514825
2472.5   557.9514825
2473.5   557.9514825
2474.5   557.9514825
2475.5   557.9514825
2476.5   557.9514825
2477.5   557.9514825
2478.5   557.9514825
2479.5   557.9514825
2480.5   557.9514825
2481.5   557.9514825
2482.5   557.9514825
2483.5   557.9514825
2484.5   557.9514825
2485.5   557.9514825
2486.5   557.9514825
2487.5   557.9514825
2488.5   557.9514825
2489.5   557.9514825
2490.5   557.9514825
2491.5   557.9514825
2492.5   536.3881402
2493.5   536.3881402
2494.5   536.3881402
2495.5   536.3881402
2496.5   536.3881402
2497.5   536.3881402
2498.5   536.3881402
2499.5   536.3881402
2500.5   536.3881402
2501.5   536.3881402
2502.5   536.3881402
2503.5   536.3881402
2504.5   536.3881402
2505.5   536.3881402
2506.5   536.3881402
2507.5   536.3881402
2508.5   536.3881402
2509.5   536.3881402
2510.5   536.3881402
2511.5   536.3881402
2512.5   536.3881402
2513.5   536.3881402
2514.5   536.3881402
2515.5   536.3881402
2516.5   536.3881402
2517.5   536.3881402
2518.5   536.3881402
2519.5   536.3881402
2520.5   536.3881402
2521.5   536.3881402
2522.5   536.3881402
2523.5   536.3881402
2524.5   536.3881402
2525.5   536.3881402
2526.5   536.3881402
2527.5   536.3881402
2528.5   536.3881402
2529.5   536.3881402
2530.5   536.3881402
2531.5   536.3881402
2532.5   536.3881402
2533.5   536.3881402
2534.5   536.3881402
2535.5   536.3881402
2536.5   536.3881402
2537.5   536.3881402
2538.5   536.3881402
2539.5   536.3881402
2540.5   509.4339623
2541.5   509.4339623
2542.5   509.4339623
2543.5   509.4339623
2544.5   509.4339623
2545.5   509.4339623
2546.5   509.4339623
2547.5   509.4339623
2548.5   509.4339623
2549.5   509.4339623
2550.5   509.4339623
2551.5   509.4339623
2552.5   509.4339623
2553.5   509.4339623
2554.5   509.4339623
2555.5   509.4339623
2556.5   509.4339623
2557.5   509.4339623
2558.5   509.4339623
2559.5   509.4339623
2560.5   509.4339623
2561.5   509.4339623
2562.5   509.4339623
2563.5   509.4339623
2564.5   509.4339623
2565.5   509.4339623
2566.5   509.4339623
2567.5   509.4339623
2568.5   509.4339623
2569.5   509.4339623
2570.5   509.4339623
2571.5   509.4339623
2572.5   509.4339623
2573.5   509.4339623
2574.5   509.4339623
2575.5   509.4339623
2576.5   509.4339623
2577.5   509.4339623
2578.5   509.4339623
2579.5   509.4339623
2580.5   509.4339623
2581.5   509.4339623
2582.5   509.4339623
2583.5   509.4339623
2584.5   509.4339623
2585.5   509.4339623
2586.5   509.4339623
2587.5   509.4339623
2588.5   509.4339623
2589.5   509.4339623
2590.5   509.4339623
2591.5   509.4339623
2592.5   490.5660377
2593.5   490.5660377
2594.5   490.5660377
2595.5   490.5660377
2596.5   490.5660377
2597.5   490.5660377
2598.5   490.5660377
2599.5   490.5660377
2600.5   490.5660377
2601.5   490.5660377
2602.5   490.5660377
2603.5   490.5660377
2604.5   490.5660377
2605.5   490.5660377
2606.5   490.5660377
2607.5   490.5660377
2608.5   490.5660377
2609.5   490.5660377
2610.5   490.5660377
2611.5   490.5660377
2612.5   490.5660377
2613.5   490.5660377
2614.5   490.5660377
2615.5   490.5660377
2616.5   490.5660377
2617.5   490.5660377
2618.5   490.5660377
2619.5   490.5660377
2620.5   490.5660377
2621.5   490.5660377
2622.5   490.5660377
2623.5   490.5660377
2624.5   490.5660377
2625.5   490.5660377
2626.5   490.5660377
2627.5   490.5660377
2628.5   490.5660377
2629.5   490.5660377
2630.5   490.5660377
2631.5   490.5660377
2632.5   490.5660377
2633.5   490.5660377
2634.5   490.5660377
2635.5   490.5660377
2636.5   490.5660377
2637.5   490.5660377
2638.5   490.5660377
2639.5   490.5660377
2640.5   490.5660377
2641.5   490.5660377
2642.5   463.6118598
2643.5   463.6118598
2644.5   463.6118598
2645.5   463.6118598
2646.5   463.6118598
2647.5   463.6118598
2648.5   463.6118598
2649.5   463.6118598
2650.5   463.6118598
2651.5   463.6118598
2652.5   463.6118598
2653.5   463.6118598
2654.5   463.6118598
2655.5   463.6118598
2656.5   463.6118598
2657.5   463.6118598
2658.5   463.6118598
2659.5   463.6118598
2660.5   463.6118598
2661.5   463.6118598
2662.5   463.6118598
2663.5   463.6118598
2664.5   463.6118598
2665.5   463.6118598
2666.5   463.6118598
2667.5   463.6118598
2668.5   463.6118598
2669.5   463.6118598
2670.5   463.6118598
2671.5   463.6118598
2672.5   463.6118598
2673.5   463.6118598
2674.5   463.6118598
2675.5   463.6118598
2676.5   463.6118598
2677.5   463.6118598
2678.5   463.6118598
2679.5   463.6118598
2680.5   463.6118598
2681.5   463.6118598
2682.5   463.6118598
2683.5   463.6118598
2684.5   463.6118598
2685.5   463.6118598
2686.5   463.6118598
2687.5   463.6118598
2688.5   463.6118598
2689.5   463.6118598
2690.5   463.6118598
2691.5   463.6118598
2692.5   463.6118598
2693.5   463.6118598
2694.5   463.6118598
2695.5   463.6118598
2696.5   463.6118598
2697.5   463.6118598
2698.5   463.6118598
2699.5   463.6118598
2700.5   463.6118598
2701.5   463.6118598
2702.5   463.6118598
2703.5   463.6118598
2704.5   463.6118598
2705.5   463.6118598
2706.5   431.2668464
2707.5   431.2668464
2708.5   431.2668464
2709.5   431.2668464
2710.5   431.2668464
2711.5   431.2668464
2712.5   431.2668464
2713.5   431.2668464
2714.5   431.2668464
2715.5   431.2668464
2716.5   431.2668464
2717.5   431.2668464
2718.5   431.2668464
2719.5   431.2668464
2720.5   431.2668464
2721.5   431.2668464
2722.5   431.2668464
2723.5   431.2668464
2724.5   431.2668464
2725.5   431.2668464
2726.5   431.2668464
2727.5   431.2668464
2728.5   431.2668464
2729.5   431.2668464
2730.5   431.2668464
2731.5   431.2668464
2732.5   431.2668464
2733.5   431.2668464
2734.5   431.2668464
2735.5   431.2668464
2736.5   431.2668464
2737.5   431.2668464
2738.5   431.2668464
2739.5   431.2668464
2740.5   431.2668464
2741.5   431.2668464
2742.5   431.2668464
2743.5   431.2668464
2744.5   431.2668464
2745.5   431.2668464
2746.5   431.2668464
2747.5   431.2668464
2748.5   431.2668464
2749.5   431.2668464
2750.5   431.2668464
2751.5   431.2668464
2752.5   431.2668464
2753.5   431.2668464
2754.5   431.2668464
2755.5   431.2668464
2756.5   431.2668464
2757.5   431.2668464
2758.5   431.2668464
2759.5   431.2668464
2760.5   431.2668464
2761.5   431.2668464
2762.5   431.2668464
2763.5   431.2668464
2764.5   431.2668464
2765.5   431.2668464
2766.5   431.2668464
2767.5   431.2668464
2768.5   431.2668464
2769.5   412.3989218
2770.5   412.3989218
2771.5   412.3989218
2772.5   412.3989218
2773.5   412.3989218
2774.5   412.3989218
2775.5   412.3989218
2776.5   412.3989218
2777.5   412.3989218
2778.5   412.3989218
2779.5   412.3989218
2780.5   412.3989218
2781.5   412.3989218
2782.5   412.3989218
2783.5   412.3989218
2784.5   412.3989218
2785.5   412.3989218
2786.5   412.3989218
2787.5   412.3989218
2788.5   412.3989218
2789.5   412.3989218
2790.5   412.3989218
2791.5   412.3989218
2792.5   412.3989218
2793.5   412.3989218
2794.5   412.3989218
2795.5   412.3989218
2796.5   412.3989218
2797.5   412.3989218
2798.5   412.3989218
2799.5   412.3989218
2800.5   412.3989218
2801.5   412.3989218
2802.5   412.3989218
2803.5   412.3989218
2804.5   412.3989218
2805.5   412.3989218
2806.5   412.3989218
2807.5   412.3989218
2808.5   412.3989218
2809.5   412.3989218
