0.5   986.5229111
1.5   986.5229111
2.5   986.5229111
3.5   986.5229111
4.5   986.5229111
5.5   986.5229111
6.5   986.5229111
7.5   986.5229111
8.5   986.5229111
9.5   986.5229111
10.5   986.5229111
11.5   986.5229111
12.5   986.5229111
13.5   986.5229111
14.5   986.5229111
15.5   986.5229111
16.5   986.5229111
17.5   986.5229111
18.5   986.5229111
19.5   986.5229111
20.5   986.5229111
21.5   986.5229111
22.5   986.5229111
23.5   986.5229111
24.5   986.5229111
25.5   986.5229111
26.5   986.5229111
27.5   986.5229111
28.5   986.5229111
29.5   986.5229111
30.5   986.5229111
31.5   986.5229111
32.5   986.5229111
33.5   986.5229111
34.5   986.5229111
35.5   986.5229111
36.5   986.5229111
37.5   986.5229111
38.5   986.5229111
39.5   986.5229111
40.5   986.5229111
41.5   986.5229111
42.5   986.5229111
43.5   986.5229111
44.5   986.5229111
45.5   986.5229111
46.5   986.5229111
47.5   986.5229111
48.5   986.5229111
49.5   986.5229111
50.5   986.5229111
51.5   986.5229111
52.5   986.5229111
53.5   986.5229111
54.5   986.5229111
55.5   986.5229111
56.5   986.5229111
57.5   986.5229111
58.5   986.5229111
59.5   986.5229111
60.5   986.5229111
61.5   986.5229111
62.5   986.5229111
63.5   986.5229111
64.5   986.5229111
65.5   986.5229111
66.5   986.5229111
67.5   986.5229111
68.5   986.5229111
69.5   986.5229111
70.5   986.5229111
71.5   986.5229111
72.5   986.5229111
73.5   986.5229111
74.5   986.5229111
75.5   986.5229111
76.5   986.5229111
77.5   986.5229111
78.5   986.5229111
79.5   986.5229111
80.5   986.5229111
81.5   986.5229111
82.5   986.5229111
83.5   986.5229111
84.5   986.5229111
85.5   986.5229111
86.5   986.5229111
87.5   986.5229111
88.5   986.5229111
89.5   986.5229111
90.5   986.5229111
91.5   986.5229111
92.5   986.5229111
93.5   986.5229111
94.5   986.5229111
95.5   986.5229111
96.5   986.5229111
97.5   986.5229111
98.5   986.5229111
99.5   986.5229111
100.5   986.5229111
101.5   986.5229111
102.5   986.5229111
103.5   986.5229111
104.5   986.5229111
105.5   986.5229111
106.5   986.5229111
107.5   986.5229111
108.5   986.5229111
109.5   986.5229111
110.5   986.5229111
111.5   986.5229111
112.5   986.5229111
113.5   986.5229111
114.5   986.5229111
115.5   986.5229111
116.5   986.5229111
117.5   986.5229111
118.5   986.5229111
119.5   986.5229111
120.5   986.5229111
121.5   986.5229111
122.5   986.5229111
123.5   986.5229111
124.5   986.5229111
125.5   986.5229111
126.5   986.5229111
127.5   986.5229111
128.5   986.5229111
129.5   986.5229111
130.5   986.5229111
131.5   986.5229111
132.5   986.5229111
133.5   986.5229111
134.5   986.5229111
135.5   986.5229111
136.5   986.5229111
137.5   986.5229111
138.5   986.5229111
139.5   986.5229111
140.5   986.5229111
141.5   986.5229111
142.5   986.5229111
143.5   986.5229111
144.5   986.5229111
145.5   986.5229111
146.5   986.5229111
147.5   986.5229111
148.5   986.5229111
149.5   986.5229111
150.5   986.5229111
151.5   986.5229111
152.5   986.5229111
153.5   986.5229111
154.5   986.5229111
155.5   986.5229111
156.5   986.5229111
157.5   986.5229111
158.5   986.5229111
159.5   986.5229111
160.5   986.5229111
161.5   986.5229111
162.5   986.5229111
163.5   986.5229111
164.5   986.5229111
165.5   986.5229111
166.5   986.5229111
167.5   986.5229111
168.5   986.5229111
169.5   986.5229111
170.5   986.5229111
171.5   986.5229111
172.5   986.5229111
173.5   986.5229111
174.5   986.5229111
175.5   986.5229111
176.5   986.5229111
177.5   986.5229111
178.5   986.5229111
179.5   986.5229111
180.5   986.5229111
181.5   986.5229111
182.5   986.5229111
183.5   986.5229111
184.5   986.5229111
185.5   986.5229111
186.5   986.5229111
187.5   986.5229111
188.5   986.5229111
189.5   986.5229111
190.5   986.5229111
191.5   986.5229111
192.5   986.5229111
193.5   986.5229111
194.5   986.5229111
195.5   986.5229111
196.5   986.5229111
197.5   986.5229111
198.5   986.5229111
199.5   986.5229111
200.5   986.5229111
201.5   986.5229111
202.5   986.5229111
203.5   986.5229111
204.5   986.5229111
205.5   986.5229111
206.5   986.5229111
207.5   986.5229111
208.5   986.5229111
209.5   983.8274933
210.5   983.8274933
211.5   983.8274933
212.5   983.8274933
213.5   983.8274933
214.5   983.8274933
215.5   983.8274933
216.5   983.8274933
217.5   983.8274933
218.5   983.8274933
219.5   983.8274933
220.5   983.8274933
221.5   983.8274933
222.5   983.8274933
223.5   983.8274933
224.5   983.8274933
225.5   983.8274933
226.5   983.8274933
227.5   983.8274933
228.5   983.8274933
229.5   983.8274933
230.5   983.8274933
231.5   983.8274933
232.5   983.8274933
233.5   983.8274933
234.5   983.8274933
235.5   983.8274933
236.5   983.8274933
237.5   983.8274933
238.5   983.8274933
239.5   983.8274933
240.5   983.8274933
241.5   983.8274933
242.5   983.8274933
243.5   983.8274933
244.5   981.1320755
245.5   981.1320755
246.5   981.1320755
247.5   981.1320755
248.5   981.1320755
249.5   981.1320755
250.5   981.1320755
251.5   981.1320755
252.5   981.1320755
253.5   981.1320755
254.5   981.1320755
255.5   981.1320755
256.5   981.1320755
257.5   981.1320755
258.5   981.1320755
259.5   981.1320755
260.5   981.1320755
261.5   981.1320755
262.5   981.1320755
263.5   981.1320755
264.5   981.1320755
265.5   981.1320755
266.5   981.1320755
267.5   981.1320755
268.5   981.1320755
269.5   981.1320755
270.5   981.1320755
271.5   981.1320755
272.5   981.1320755
273.5   981.1320755
274.5   981.1320755
275.5   981.1320755
276.5   981.1320755
277.5   981.1320755
278.5   981.1320755
279.5   981.1320755
280.5   981.1320755
281.5   981.1320755
282.5   981.1320755
283.5   978.4366577
284.5   978.4366577
285.5   978.4366577
286.5   978.4366577
287.5   978.4366577
288.5   978.4366577
289.5   978.4366577
290.5   978.4366577
291.5   978.4366577
292.5   978.4366577
293.5   978.4366577
294.5   978.4366577
295.5   978.4366577
296.5   978.4366577
297.5   978.4366577
298.5   978.4366577
299.5   978.4366577
300.5   978.4366577
301.5   978.4366577
302.5   978.4366577
303.5   978.4366577
304.5   978.4366577
305.5   978.4366577
306.5   978.4366577
307.5   978.4366577
308.5   978.4366577
309.5   978.4366577
310.5   978.4366577
311.5   978.4366577
312.5   978.4366577
313.5   978.4366577
314.5   978.4366577
315.5   978.4366577
316.5   978.4366577
317.5   978.4366577
318.5   978.4366577
319.5   978.4366577
320.5   978.4366577
321.5   978.4366577
322.5   978.4366577
323.5   978.4366577
324.5   978.4366577
325.5   978.4366577
326.5   978.4366577
327.5   978.4366577
328.5   978.4366577
329.5   978.4366577
330.5   978.4366577
331.5   978.4366577
332.5   978.4366577
333.5   978.4366577
334.5   978.4366577
335.5   978.4366577
336.5   978.4366577
337.5   978.4366577
338.5   978.4366577
339.5   978.4366577
340.5   978.4366577
341.5   978.4366577
342.5   978.4366577
343.5   978.4366577
344.5   978.4366577
345.5   978.4366577
346.5   978.4366577
347.5   978.4366577
348.5   978.4366577
349.5   975.7412399
350.5   975.7412399
351.5   975.7412399
352.5   975.7412399
353.5   975.7412399
354.5   975.7412399
355.5   975.7412399
356.5   975.7412399
357.5   975.7412399
358.5   975.7412399
359.5   975.7412399
360.5   975.7412399
361.5   975.7412399
362.5   975.7412399
363.5   975.7412399
364.5   975.7412399
365.5   975.7412399
366.5   975.7412399
367.5   975.7412399
368.5   975.7412399
369.5   975.7412399
370.5   975.7412399
371.5   975.7412399
372.5   975.7412399
373.5   975.7412399
374.5   975.7412399
375.5   975.7412399
376.5   975.7412399
377.5   975.7412399
378.5   975.7412399
379.5   975.7412399
380.5   975.7412399
381.5   975.7412399
382.5   975.7412399
383.5   973.0458221
384.5   973.0458221
385.5   973.0458221
386.5   973.0458221
387.5   973.0458221
388.5   973.0458221
389.5   973.0458221
390.5   973.0458221
391.5   973.0458221
392.5   973.0458221
393.5   973.0458221
394.5   973.0458221
395.5   973.0458221
396.5   973.0458221
397.5   973.0458221
398.5   973.0458221
399.5   973.0458221
400.5   973.0458221
401.5   973.0458221
402.5   973.0458221
403.5   973.0458221
404.5   973.0458221
405.5   973.0458221
406.5   973.0458221
407.5   973.0458221
408.5   973.0458221
409.5   973.0458221
410.5   973.0458221
411.5   973.0458221
412.5   973.0458221
413.5   973.0458221
414.5   973.0458221
415.5   973.0458221
416.5   973.0458221
417.5   973.0458221
418.5   970.3504043
419.5   970.3504043
420.5   970.3504043
421.5   970.3504043
422.5   970.3504043
423.5   970.3504043
424.5   970.3504043
425.5   970.3504043
426.5   970.3504043
427.5   970.3504043
428.5   970.3504043
429.5   970.3504043
430.5   970.3504043
431.5   970.3504043
432.5   970.3504043
433.5   970.3504043
434.5   970.3504043
435.5   970.3504043
436.5   970.3504043
437.5   970.3504043
438.5   970.3504043
439.5   970.3504043
440.5   970.3504043
441.5   970.3504043
442.5   970.3504043
443.5   970.3504043
444.5   970.3504043
445.5   970.3504043
446.5   970.3504043
447.5   970.3504043
448.5   970.3504043
449.5   970.3504043
450.5   970.3504043
451.5   970.3504043
452.5   970.3504043
453.5   970.3504043
454.5   970.3504043
455.5   970.3504043
456.5   970.3504043
457.5   970.3504043
458.5   970.3504043
459.5   970.3504043
460.5   970.3504043
461.5   970.3504043
462.5   970.3504043
463.5   970.3504043
464.5   970.3504043
465.5   970.3504043
466.5   970.3504043
467.5   970.3504043
468.5   970.3504043
469.5   970.3504043
470.5   970.3504043
471.5   970.3504043
472.5   970.3504043
473.5   970.3504043
474.5   970.3504043
475.5   970.3504043
476.5   970.3504043
477.5   970.3504043
478.5   970.3504043
479.5   970.3504043
480.5   970.3504043
481.5   970.3504043
482.5   970.3504043
483.5   970.3504043
484.5   970.3504043
485.5   970.3504043
486.5   970.3504043
487.5   970.3504043
488.5   970.3504043
489.5   970.3504043
490.5   970.3504043
491.5   970.3504043
492.5   970.3504043
493.5   970.3504043
494.5   970.3504043
495.5   970.3504043
496.5   970.3504043
497.5   970.3504043
498.5   970.3504043
499.5   970.3504043
500.5   970.3504043
501.5   970.3504043
502.5   970.3504043
503.5   970.3504043
504.5   970.3504043
505.5   970.3504043
506.5   970.3504043
507.5   970.3504043
508.5   970.3504043
509.5   970.3504043
510.5   970.3504043
511.5   970.3504043
512.5   970.3504043
513.5   970.3504043
514.5   970.3504043
515.5   970.3504043
516.5   970.3504043
517.5   970.3504043
518.5   970.3504043
519.5   970.3504043
520.5   970.3504043
521.5   970.3504043
522.5   970.3504043
523.5   970.3504043
524.5   970.3504043
525.5   970.3504043
526.5   970.3504043
527.5   970.3504043
528.5   970.3504043
529.5   970.3504043
530.5   970.3504043
531.5   970.3504043
532.5   970.3504043
533.5   970.3504043
534.5   970.3504043
535.5   970.3504043
536.5   970.3504043
537.5   970.3504043
538.5   970.3504043
539.5   970.3504043
540.5   970.3504043
541.5   970.3504043
542.5   970.3504043
543.5   970.3504043
544.5   970.3504043
545.5   970.3504043
546.5   970.3504043
547.5   970.3504043
548.5   970.3504043
549.5   970.3504043
550.5   970.3504043
551.5   970.3504043
552.5   970.3504043
553.5   970.3504043
554.5   970.3504043
555.5   970.3504043
556.5   970.3504043
557.5   970.3504043
558.5   970.3504043
559.5   970.3504043
560.5   970.3504043
561.5   970.3504043
562.5   970.3504043
563.5   970.3504043
564.5   970.3504043
565.5   970.3504043
566.5   970.3504043
567.5   970.3504043
568.5   970.3504043
569.5   970.3504043
570.5   970.3504043
571.5   970.3504043
572.5   970.3504043
573.5   970.3504043
574.5   970.3504043
575.5   970.3504043
576.5   970.3504043
577.5   970.3504043
578.5   970.3504043
579.5   970.3504043
580.5   970.3504043
581.5   970.3504043
582.5   970.3504043
583.5   970.3504043
584.5   970.3504043
585.5   970.3504043
586.5   970.3504043
587.5   970.3504043
588.5   970.3504043
589.5   970.3504043
590.5   970.3504043
591.5   970.3504043
592.5   970.3504043
593.5   970.3504043
594.5   970.3504043
595.5   970.3504043
596.5   970.3504043
597.5   970.3504043
598.5   970.3504043
599.5   970.3504043
600.5   970.3504043
601.5   970.3504043
602.5   970.3504043
603.5   970.3504043
604.5   970.3504043
605.5   970.3504043
606.5   970.3504043
607.5   970.3504043
608.5   970.3504043
609.5   970.3504043
610.5   970.3504043
611.5   970.3504043
612.5   970.3504043
613.5   970.3504043
614.5   970.3504043
615.5   970.3504043
616.5   970.3504043
617.5   970.3504043
618.5   970.3504043
619.5   970.3504043
620.5   970.3504043
621.5   970.3504043
622.5   970.3504043
623.5   970.3504043
624.5   970.3504043
625.5   970.3504043
626.5   970.3504043
627.5   970.3504043
628.5   970.3504043
629.5   970.3504043
630.5   970.3504043
631.5   970.3504043
632.5   970.3504043
633.5   970.3504043
634.5   970.3504043
635.5   970.3504043
636.5   970.3504043
637.5   970.3504043
638.5   970.3504043
639.5   970.3504043
640.5   970.3504043
641.5   970.3504043
642.5   970.3504043
643.5   970.3504043
644.5   970.3504043
645.5   970.3504043
646.5   970.3504043
647.5   970.3504043
648.5   970.3504043
649.5   970.3504043
650.5   970.3504043
651.5   970.3504043
652.5   970.3504043
653.5   970.3504043
654.5   970.3504043
655.5   970.3504043
656.5   970.3504043
657.5   970.3504043
658.5   970.3504043
659.5   970.3504043
660.5   970.3504043
661.5   970.3504043
662.5   970.3504043
663.5   970.3504043
664.5   970.3504043
665.5   970.3504043
666.5   970.3504043
667.5   970.3504043
668.5   970.3504043
669.5   970.3504043
670.5   970.3504043
671.5   970.3504043
672.5   970.3504043
673.5   970.3504043
674.5   970.3504043
675.5   970.3504043
676.5   970.3504043
677.5   970.3504043
678.5   970.3504043
679.5   970.3504043
680.5   970.3504043
681.5   970.3504043
682.5   970.3504043
683.5   970.3504043
684.5   970.3504043
685.5   970.3504043
686.5   970.3504043
687.5   970.3504043
688.5   970.3504043
689.5   970.3504043
690.5   970.3504043
691.5   970.3504043
692.5   973.0458221
693.5   973.0458221
694.5   973.0458221
695.5   973.0458221
696.5   973.0458221
697.5   973.0458221
698.5   973.0458221
699.5   973.0458221
700.5   973.0458221
701.5   973.0458221
702.5   973.0458221
703.5   973.0458221
704.5   973.0458221
705.5   973.0458221
706.5   973.0458221
707.5   973.0458221
708.5   973.0458221
709.5   973.0458221
710.5   973.0458221
711.5   973.0458221
712.5   973.0458221
713.5   973.0458221
714.5   973.0458221
715.5   973.0458221
716.5   973.0458221
717.5   973.0458221
718.5   973.0458221
719.5   973.0458221
720.5   973.0458221
721.5   973.0458221
722.5   973.0458221
723.5   973.0458221
724.5   973.0458221
725.5   973.0458221
726.5   973.0458221
727.5   973.0458221
728.5   973.0458221
729.5   973.0458221
730.5   973.0458221
731.5   973.0458221
732.5   973.0458221
733.5   973.0458221
734.5   973.0458221
735.5   973.0458221
736.5   973.0458221
737.5   973.0458221
738.5   973.0458221
739.5   973.0458221
740.5   973.0458221
741.5   973.0458221
742.5   973.0458221
743.5   973.0458221
744.5   973.0458221
745.5   973.0458221
746.5   973.0458221
747.5   973.0458221
748.5   973.0458221
749.5   973.0458221
750.5   973.0458221
751.5   973.0458221
752.5   973.0458221
753.5   973.0458221
754.5   973.0458221
755.5   973.0458221
756.5   973.0458221
757.5   973.0458221
758.5   973.0458221
759.5   973.0458221
760.5   973.0458221
761.5   973.0458221
762.5   973.0458221
763.5   973.0458221
764.5   975.7412399
765.5   975.7412399
766.5   975.7412399
767.5   975.7412399
768.5   975.7412399
769.5   975.7412399
770.5   975.7412399
771.5   975.7412399
772.5   975.7412399
773.5   975.7412399
774.5   975.7412399
775.5   975.7412399
776.5   975.7412399
777.5   975.7412399
778.5   975.7412399
779.5   975.7412399
780.5   975.7412399
781.5   975.7412399
782.5   975.7412399
783.5   975.7412399
784.5   975.7412399
785.5   975.7412399
786.5   975.7412399
787.5   975.7412399
788.5   975.7412399
789.5   975.7412399
790.5   975.7412399
791.5   975.7412399
792.5   975.7412399
793.5   975.7412399
794.5   975.7412399
795.5   975.7412399
796.5   975.7412399
797.5   975.7412399
798.5   975.7412399
799.5   975.7412399
800.5   975.7412399
801.5   975.7412399
802.5   975.7412399
803.5   975.7412399
804.5   975.7412399
805.5   975.7412399
806.5   975.7412399
807.5   975.7412399
808.5   975.7412399
809.5   975.7412399
810.5   975.7412399
811.5   975.7412399
812.5   975.7412399
813.5   975.7412399
814.5   975.7412399
815.5   975.7412399
816.5   975.7412399
817.5   975.7412399
818.5   975.7412399
819.5   975.7412399
820.5   975.7412399
821.5   975.7412399
822.5   975.7412399
823.5   975.7412399
824.5   975.7412399
825.5   975.7412399
826.5   975.7412399
827.5   975.7412399
828.5   975.7412399
829.5   975.7412399
830.5   975.7412399
831.5   975.7412399
832.5   975.7412399
833.5   975.7412399
834.5   975.7412399
835.5   975.7412399
836.5   975.7412399
837.5   975.7412399
838.5   975.7412399
839.5   978.4366577
840.5   978.4366577
841.5   978.4366577
842.5   978.4366577
843.5   978.4366577
844.5   978.4366577
845.5   978.4366577
846.5   978.4366577
847.5   978.4366577
848.5   978.4366577
849.5   978.4366577
850.5   978.4366577
851.5   978.4366577
852.5   978.4366577
853.5   978.4366577
854.5   978.4366577
855.5   978.4366577
856.5   978.4366577
857.5   978.4366577
858.5   978.4366577
859.5   978.4366577
860.5   978.4366577
861.5   978.4366577
862.5   978.4366577
863.5   978.4366577
864.5   978.4366577
865.5   978.4366577
866.5   978.4366577
867.5   978.4366577
868.5   978.4366577
869.5   978.4366577
870.5   978.4366577
871.5   978.4366577
872.5   978.4366577
873.5   981.1320755
874.5   981.1320755
875.5   981.1320755
876.5   981.1320755
877.5   981.1320755
878.5   981.1320755
879.5   981.1320755
880.5   981.1320755
881.5   981.1320755
882.5   981.1320755
883.5   981.1320755
884.5   981.1320755
885.5   981.1320755
886.5   981.1320755
887.5   981.1320755
888.5   981.1320755
889.5   981.1320755
890.5   981.1320755
891.5   981.1320755
892.5   981.1320755
893.5   981.1320755
894.5   981.1320755
895.5   981.1320755
896.5   981.1320755
897.5   981.1320755
898.5   981.1320755
899.5   981.1320755
900.5   981.1320755
901.5   981.1320755
902.5   981.1320755
903.5   981.1320755
904.5   981.1320755
905.5   981.1320755
906.5   981.1320755
907.5   981.1320755
908.5   981.1320755
909.5   981.1320755
910.5   981.1320755
911.5   981.1320755
912.5   981.1320755
913.5   981.1320755
914.5   981.1320755
915.5   981.1320755
916.5   981.1320755
917.5   981.1320755
918.5   981.1320755
919.5   981.1320755
920.5   981.1320755
921.5   981.1320755
922.5   981.1320755
923.5   981.1320755
924.5   981.1320755
925.5   981.1320755
926.5   981.1320755
927.5   981.1320755
928.5   981.1320755
929.5   981.1320755
930.5   981.1320755
931.5   981.1320755
932.5   981.1320755
933.5   981.1320755
934.5   981.1320755
935.5   981.1320755
936.5   981.1320755
937.5   981.1320755
938.5   981.1320755
939.5   981.1320755
940.5   981.1320755
941.5   981.1320755
942.5   981.1320755
943.5   986.5229111
944.5   986.5229111
945.5   986.5229111
946.5   986.5229111
947.5   986.5229111
948.5   986.5229111
949.5   986.5229111
950.5   986.5229111
951.5   986.5229111
952.5   986.5229111
953.5   986.5229111
954.5   986.5229111
955.5   986.5229111
956.5   986.5229111
957.5   986.5229111
958.5   986.5229111
959.5   986.5229111
960.5   986.5229111
961.5   986.5229111
962.5   986.5229111
963.5   986.5229111
964.5   986.5229111
965.5   986.5229111
966.5   986.5229111
967.5   986.5229111
968.5   986.5229111
969.5   986.5229111
970.5   986.5229111
971.5   986.5229111
972.5   986.5229111
973.5   986.5229111
974.5   986.5229111
975.5   986.5229111
976.5   986.5229111
977.5   986.5229111
978.5   986.5229111
979.5   986.5229111
980.5   986.5229111
981.5   986.5229111
982.5   986.5229111
983.5   986.5229111
984.5   986.5229111
985.5   986.5229111
986.5   986.5229111
987.5   986.5229111
988.5   986.5229111
989.5   986.5229111
990.5   986.5229111
991.5   986.5229111
992.5   986.5229111
993.5   986.5229111
994.5   986.5229111
995.5   986.5229111
996.5   986.5229111
997.5   986.5229111
998.5   986.5229111
999.5   986.5229111
1000.5   986.5229111
1001.5   986.5229111
1002.5   986.5229111
1003.5   986.5229111
1004.5   986.5229111
1005.5   986.5229111
1006.5   986.5229111
1007.5   986.5229111
1008.5   986.5229111
1009.5   986.5229111
1010.5   986.5229111
1011.5   986.5229111
1012.5   986.5229111
1013.5   986.5229111
1014.5   986.5229111
1015.5   989.2183288
1016.5   989.2183288
1017.5   989.2183288
1018.5   989.2183288
1019.5   989.2183288
1020.5   989.2183288
1021.5   989.2183288
1022.5   989.2183288
1023.5   989.2183288
1024.5   989.2183288
1025.5   989.2183288
1026.5   989.2183288
1027.5   989.2183288
1028.5   989.2183288
1029.5   989.2183288
1030.5   989.2183288
1031.5   989.2183288
1032.5   989.2183288
1033.5   989.2183288
1034.5   989.2183288
1035.5   989.2183288
1036.5   989.2183288
1037.5   989.2183288
1038.5   989.2183288
1039.5   989.2183288
1040.5   989.2183288
1041.5   989.2183288
1042.5   989.2183288
1043.5   989.2183288
1044.5   989.2183288
1045.5   989.2183288
1046.5   989.2183288
1047.5   989.2183288
1048.5   989.2183288
1049.5   989.2183288
1050.5   989.2183288
1051.5   989.2183288
1052.5   991.9137466
1053.5   991.9137466
1054.5   991.9137466
1055.5   991.9137466
1056.5   991.9137466
1057.5   991.9137466
1058.5   991.9137466
1059.5   991.9137466
1060.5   991.9137466
1061.5   991.9137466
1062.5   991.9137466
1063.5   991.9137466
1064.5   991.9137466
1065.5   991.9137466
1066.5   991.9137466
1067.5   991.9137466
1068.5   991.9137466
1069.5   991.9137466
1070.5   991.9137466
1071.5   991.9137466
1072.5   991.9137466
1073.5   991.9137466
1074.5   991.9137466
1075.5   991.9137466
1076.5   991.9137466
1077.5   991.9137466
1078.5   991.9137466
1079.5   991.9137466
1080.5   991.9137466
1081.5   991.9137466
1082.5   991.9137466
1083.5   991.9137466
1084.5   991.9137466
1085.5   994.6091644
1086.5   994.6091644
1087.5   994.6091644
1088.5   994.6091644
1089.5   994.6091644
1090.5   994.6091644
1091.5   994.6091644
1092.5   994.6091644
1093.5   994.6091644
1094.5   994.6091644
1095.5   994.6091644
1096.5   994.6091644
1097.5   994.6091644
1098.5   994.6091644
1099.5   994.6091644
1100.5   994.6091644
1101.5   994.6091644
1102.5   994.6091644
1103.5   994.6091644
1104.5   994.6091644
1105.5   994.6091644
1106.5   994.6091644
1107.5   994.6091644
1108.5   994.6091644
1109.5   994.6091644
1110.5   994.6091644
1111.5   994.6091644
1112.5   994.6091644
1113.5   994.6091644
1114.5   994.6091644
1115.5   997.3045822
1116.5   997.3045822
1117.5   997.3045822
1118.5   997.3045822
1119.5   997.3045822
1120.5   997.3045822
1121.5   997.3045822
1122.5   997.3045822
1123.5   997.3045822
1124.5   997.3045822
1125.5   997.3045822
1126.5   997.3045822
1127.5   997.3045822
1128.5   997.3045822
1129.5   997.3045822
1130.5   997.3045822
1131.5   997.3045822
1132.5   997.3045822
1133.5   997.3045822
1134.5   997.3045822
1135.5   997.3045822
1136.5   997.3045822
1137.5   997.3045822
1138.5   997.3045822
1139.5   997.3045822
1140.5   997.3045822
1141.5   997.3045822
1142.5   997.3045822
1143.5   997.3045822
1144.5   997.3045822
1145.5   997.3045822
1146.5   997.3045822
1147.5   997.3045822
1148.5   997.3045822
1149.5   997.3045822
1150.5   997.3045822
1151.5   1000.0
1152.5   1000.0
1153.5   1000.0
1154.5   1000.0
1155.5   1000.0
1156.5   1000.0
1157.5   1000.0
1158.5   1000.0
1159.5   1000.0
1160.5   1000.0
1161.5   1000.0
1162.5   1000.0
1163.5   1000.0
1164.5   1000.0
1165.5   1000.0
1166.5   1000.0
1167.5   1000.0
1168.5   1000.0
1169.5   1000.0
1170.5   1000.0
1171.5   1000.0
1172.5   1000.0
1173.5   1000.0
1174.5   1000.0
1175.5   1000.0
1176.5   1000.0
1177.5   1000.0
1178.5   1000.0
1179.5   1000.0
1180.5   1000.0
1181.5   1000.0
1182.5   1000.0
1183.5   1000.0
1184.5   1000.0
1185.5   1000.0
1186.5   1000.0
1187.5   1000.0
1188.5   1000.0
1189.5   1000.0
1190.5   1000.0
1191.5   1002.695418
1192.5   1002.695418
1193.5   1002.695418
1194.5   1002.695418
1195.5   1002.695418
1196.5   1002.695418
1197.5   1002.695418
1198.5   1002.695418
1199.5   1002.695418
1200.5   1002.695418
1201.5   1002.695418
1202.5   1002.695418
1203.5   1002.695418
1204.5   1002.695418
1205.5   1002.695418
1206.5   1002.695418
1207.5   1002.695418
1208.5   1002.695418
1209.5   1002.695418
1210.5   1002.695418
1211.5   1002.695418
1212.5   1002.695418
1213.5   1002.695418
1214.5   1002.695418
1215.5   1002.695418
1216.5   1002.695418
1217.5   1002.695418
1218.5   1002.695418
1219.5   1002.695418
1220.5   1002.695418
1221.5   1002.695418
1222.5   1002.695418
1223.5   1002.695418
1224.5   1002.695418
1225.5   1002.695418
1226.5   1002.695418
1227.5   1002.695418
1228.5   1002.695418
1229.5   1005.390836
1230.5   1005.390836
1231.5   1005.390836
1232.5   1005.390836
1233.5   1005.390836
1234.5   1005.390836
1235.5   1005.390836
1236.5   1005.390836
1237.5   1005.390836
1238.5   1005.390836
1239.5   1005.390836
1240.5   1005.390836
1241.5   1005.390836
1242.5   1005.390836
1243.5   1005.390836
1244.5   1005.390836
1245.5   1005.390836
1246.5   1005.390836
1247.5   1005.390836
1248.5   1005.390836
1249.5   1005.390836
1250.5   1005.390836
1251.5   1005.390836
1252.5   1005.390836
1253.5   1005.390836
1254.5   1005.390836
1255.5   1005.390836
1256.5   1005.390836
1257.5   1005.390836
1258.5   1005.390836
1259.5   1005.390836
1260.5   1005.390836
1261.5   1005.390836
1262.5   1005.390836
1263.5   1005.390836
1264.5   1005.390836
1265.5   1005.390836
1266.5   1005.390836
1267.5   1005.390836
1268.5   1005.390836
1269.5   1005.390836
1270.5   1005.390836
1271.5   1005.390836
1272.5   1005.390836
1273.5   1005.390836
1274.5   1005.390836
1275.5   1005.390836
1276.5   1005.390836
1277.5   1005.390836
1278.5   1005.390836
1279.5   1005.390836
1280.5   1005.390836
1281.5   1005.390836
1282.5   1005.390836
1283.5   1005.390836
1284.5   1005.390836
1285.5   1005.390836
1286.5   1005.390836
1287.5   1005.390836
1288.5   1005.390836
1289.5   1005.390836
1290.5   1005.390836
1291.5   1005.390836
1292.5   1005.390836
1293.5   1005.390836
1294.5   1005.390836
1295.5   1005.390836
1296.5   1005.390836
1297.5   1005.390836
1298.5   1005.390836
1299.5   1005.390836
1300.5   1005.390836
1301.5   1005.390836
1302.5   1005.390836
1303.5   1005.390836
1304.5   1005.390836
1305.5   1005.390836
1306.5   1005.390836
1307.5   1005.390836
1308.5   1005.390836
1309.5   1005.390836
1310.5   1005.390836
1311.5   1005.390836
1312.5   1005.390836
1313.5   1008.086253
1314.5   1008.086253
1315.5   1008.086253
1316.5   1008.086253
1317.5   1008.086253
1318.5   1008.086253
1319.5   1008.086253
1320.5   1008.086253
1321.5   1008.086253
1322.5   1008.086253
1323.5   1008.086253
1324.5   1008.086253
1325.5   1008.086253
1326.5   1008.086253
1327.5   1008.086253
1328.5   1008.086253
1329.5   1008.086253
1330.5   1008.086253
1331.5   1008.086253
1332.5   1008.086253
1333.5   1008.086253
1334.5   1008.086253
1335.5   1008.086253
1336.5   1008.086253
1337.5   1008.086253
1338.5   1008.086253
1339.5   1008.086253
1340.5   1008.086253
1341.5   1008.086253
1342.5   1008.086253
1343.5   1008.086253
1344.5   1008.086253
1345.5   1008.086253
1346.5   1008.086253
1347.5   1008.086253
1348.5   1008.086253
1349.5   1008.086253
1350.5   1008.086253
1351.5   1008.086253
1352.5   1008.086253
1353.5   1008.086253
1354.5   1008.086253
1355.5   1008.086253
1356.5   1008.086253
1357.5   1008.086253
1358.5   1008.086253
1359.5   1008.086253
1360.5   1008.086253
1361.5   1008.086253
1362.5   1008.086253
1363.5   1008.086253
1364.5   1008.086253
1365.5   1008.086253
1366.5   1008.086253
1367.5   1008.086253
1368.5   1008.086253
1369.5   1008.086253
1370.5   1008.086253
1371.5   1008.086253
1372.5   1008.086253
1373.5   1008.086253
1374.5   1008.086253
1375.5   1008.086253
1376.5   1008.086253
1377.5   1008.086253
1378.5   1008.086253
1379.5   1008.086253
1380.5   1008.086253
1381.5   1008.086253
1382.5   1008.086253
1383.5   1008.086253
1384.5   1008.086253
1385.5   1008.086253
1386.5   1010.781671
1387.5   1010.781671
1388.5   1010.781671
1389.5   1010.781671
1390.5   1010.781671
1391.5   1010.781671
1392.5   1010.781671
1393.5   1010.781671
1394.5   1010.781671
1395.5   1010.781671
1396.5   1010.781671
1397.5   1010.781671
1398.5   1010.781671
1399.5   1010.781671
1400.5   1010.781671
1401.5   1010.781671
1402.5   1010.781671
1403.5   1010.781671
1404.5   1010.781671
1405.5   1010.781671
1406.5   1010.781671
1407.5   1010.781671
1408.5   1010.781671
1409.5   1010.781671
1410.5   1010.781671
1411.5   1010.781671
1412.5   1010.781671
1413.5   1010.781671
1414.5   1010.781671
1415.5   1010.781671
1416.5   1010.781671
1417.5   1010.781671
1418.5   1010.781671
1419.5   1010.781671
1420.5   1010.781671
1421.5   1010.781671
1422.5   1010.781671
1423.5   1010.781671
1424.5   1010.781671
1425.5   1010.781671
1426.5   1010.781671
1427.5   1010.781671
1428.5   1010.781671
1429.5   1010.781671
1430.5   1010.781671
1431.5   1010.781671
1432.5   1010.781671
1433.5   1010.781671
1434.5   1010.781671
1435.5   1010.781671
1436.5   1010.781671
1437.5   1010.781671
1438.5   1010.781671
1439.5   1010.781671
1440.5   1010.781671
1441.5   1010.781671
1442.5   1010.781671
1443.5   1010.781671
1444.5   1010.781671
1445.5   1010.781671
1446.5   1010.781671
1447.5   1010.781671
1448.5   1010.781671
1449.5   1010.781671
1450.5   1010.781671
1451.5   1010.781671
1452.5   1010.781671
1453.5   1010.781671
1454.5   1010.781671
1455.5   1010.781671
1456.5   1010.781671
1457.5   1010.781671
1458.5   1010.781671
1459.5   1010.781671
1460.5   1010.781671
1461.5   1010.781671
1462.5   1010.781671
1463.5   1010.781671
1464.5   1010.781671
1465.5   1010.781671
1466.5   1010.781671
1467.5   1010.781671
1468.5   1010.781671
1469.5   1010.781671
1470.5   1010.781671
1471.5   1010.781671
1472.5   1010.781671
1473.5   1010.781671
1474.5   1010.781671
1475.5   1010.781671
1476.5   1010.781671
1477.5   1010.781671
1478.5   1010.781671
1479.5   1010.781671
1480.5   1010.781671
1481.5   1010.781671
1482.5   1010.781671
1483.5   1010.781671
1484.5   1010.781671
1485.5   1010.781671
1486.5   1010.781671
1487.5   1010.781671
1488.5   1010.781671
1489.5   1010.781671
1490.5   1010.781671
1491.5   1010.781671
1492.5   1010.781671
1493.5   1010.781671
1494.5   1010.781671
1495.5   1010.781671
1496.5   1010.781671
1497.5   1010.781671
1498.5   1010.781671
1499.5   1010.781671
1500.5   1010.781671
1501.5   1010.781671
1502.5   1010.781671
1503.5   1010.781671
1504.5   1010.781671
1505.5   1010.781671
1506.5   1010.781671
1507.5   1010.781671
1508.5   1010.781671
1509.5   1010.781671
1510.5   1008.086253
1511.5   1008.086253
1512.5   1008.086253
1513.5   1008.086253
1514.5   1008.086253
1515.5   1008.086253
1516.5   1008.086253
1517.5   1008.086253
1518.5   1008.086253
1519.5   1008.086253
1520.5   1008.086253
1521.5   1008.086253
1522.5   1008.086253
1523.5   1008.086253
1524.5   1008.086253
1525.5   1008.086253
1526.5   1008.086253
1527.5   1008.086253
1528.5   1008.086253
1529.5   1008.086253
1530.5   1008.086253
1531.5   1008.086253
1532.5   1008.086253
1533.5   1008.086253
1534.5   1008.086253
1535.5   1008.086253
1536.5   1008.086253
1537.5   1008.086253
1538.5   1008.086253
1539.5   1008.086253
1540.5   1008.086253
1541.5   1008.086253
1542.5   1008.086253
1543.5   1008.086253
1544.5   1008.086253
1545.5   1008.086253
1546.5   1008.086253
1547.5   1008.086253
1548.5   1008.086253
1549.5   1008.086253
1550.5   1008.086253
1551.5   1008.086253
1552.5   1008.086253
1553.5   1008.086253
1554.5   1008.086253
1555.5   1005.390836
1556.5   1005.390836
1557.5   1005.390836
1558.5   1005.390836
1559.5   1005.390836
1560.5   1005.390836
1561.5   1005.390836
1562.5   1005.390836
1563.5   1005.390836
1564.5   1005.390836
1565.5   1005.390836
1566.5   1005.390836
1567.5   1005.390836
1568.5   1005.390836
1569.5   1005.390836
1570.5   1005.390836
1571.5   1005.390836
1572.5   1005.390836
1573.5   1005.390836
1574.5   1005.390836
1575.5   1005.390836
1576.5   1005.390836
1577.5   1005.390836
1578.5   1005.390836
1579.5   1005.390836
1580.5   1005.390836
1581.5   1005.390836
1582.5   1005.390836
1583.5   1005.390836
1584.5   1005.390836
1585.5   1005.390836
1586.5   1005.390836
1587.5   1005.390836
1588.5   1005.390836
1589.5   1005.390836
1590.5   1005.390836
1591.5   1005.390836
1592.5   1005.390836
1593.5   1005.390836
1594.5   1005.390836
1595.5   1005.390836
1596.5   1005.390836
1597.5   1005.390836
1598.5   1005.390836
1599.5   1002.695418
1600.5   1002.695418
1601.5   1002.695418
1602.5   1002.695418
1603.5   1002.695418
1604.5   1002.695418
1605.5   1002.695418
1606.5   1002.695418
1607.5   1002.695418
1608.5   1002.695418
1609.5   1002.695418
1610.5   1002.695418
1611.5   1002.695418
1612.5   1002.695418
1613.5   1002.695418
1614.5   1002.695418
1615.5   1002.695418
1616.5   1002.695418
1617.5   1002.695418
1618.5   1002.695418
1619.5   1002.695418
1620.5   1002.695418
1621.5   1002.695418
1622.5   1002.695418
1623.5   1002.695418
1624.5   1002.695418
1625.5   1002.695418
1626.5   1002.695418
1627.5   1002.695418
1628.5   1002.695418
1629.5   1002.695418
1630.5   1002.695418
1631.5   1002.695418
1632.5   1002.695418
1633.5   1002.695418
1634.5   1002.695418
1635.5   1002.695418
1636.5   1002.695418
1637.5   1002.695418
1638.5   1002.695418
1639.5   997.3045822
1640.5   997.3045822
1641.5   997.3045822
1642.5   997.3045822
1643.5   997.3045822
1644.5   997.3045822
1645.5   997.3045822
1646.5   997.3045822
1647.5   997.3045822
1648.5   997.3045822
1649.5   997.3045822
1650.5   997.3045822
1651.5   997.3045822
1652.5   997.3045822
1653.5   997.3045822
1654.5   997.3045822
1655.5   997.3045822
1656.5   997.3045822
1657.5   997.3045822
1658.5   997.3045822
1659.5   997.3045822
1660.5   997.3045822
1661.5   997.3045822
1662.5   997.3045822
1663.5   997.3045822
1664.5   997.3045822
1665.5   997.3045822
1666.5   997.3045822
1667.5   997.3045822
1668.5   997.3045822
1669.5   997.3045822
1670.5   997.3045822
1671.5   997.3045822
1672.5   997.3045822
1673.5   997.3045822
1674.5   997.3045822
1675.5   997.3045822
1676.5   997.3045822
1677.5   997.3045822
1678.5   997.3045822
1679.5   994.6091644
1680.5   994.6091644
1681.5   994.6091644
1682.5   994.6091644
1683.5   994.6091644
1684.5   994.6091644
1685.5   994.6091644
1686.5   994.6091644
1687.5   994.6091644
1688.5   994.6091644
1689.5   994.6091644
1690.5   994.6091644
1691.5   994.6091644
1692.5   994.6091644
1693.5   994.6091644
1694.5   994.6091644
1695.5   994.6091644
1696.5   994.6091644
1697.5   994.6091644
1698.5   994.6091644
1699.5   994.6091644
1700.5   994.6091644
1701.5   994.6091644
1702.5   994.6091644
1703.5   994.6091644
1704.5   994.6091644
1705.5   994.6091644
1706.5   994.6091644
1707.5   994.6091644
1708.5   994.6091644
1709.5   994.6091644
1710.5   994.6091644
1711.5   994.6091644
1712.5   994.6091644
1713.5   994.6091644
1714.5   994.6091644
1715.5   994.6091644
1716.5   994.6091644
1717.5   986.5229111
1718.5   986.5229111
1719.5   986.5229111
1720.5   986.5229111
1721.5   986.5229111
1722.5   986.5229111
1723.5   986.5229111
1724.5   986.5229111
1725.5   986.5229111
1726.5   986.5229111
1727.5   986.5229111
1728.5   986.5229111
1729.5   986.5229111
1730.5   986.5229111
1731.5   986.5229111
1732.5   986.5229111
1733.5   986.5229111
1734.5   986.5229111
1735.5   986.5229111
1736.5   986.5229111
1737.5   986.5229111
1738.5   986.5229111
1739.5   986.5229111
1740.5   986.5229111
1741.5   986.5229111
1742.5   986.5229111
1743.5   986.5229111
1744.5   986.5229111
1745.5   986.5229111
1746.5   986.5229111
1747.5   986.5229111
1748.5   986.5229111
1749.5   986.5229111
1750.5   986.5229111
1751.5   986.5229111
1752.5   986.5229111
1753.5   986.5229111
1754.5   986.5229111
1755.5   986.5229111
1756.5   978.4366577
1757.5   978.4366577
1758.5   978.4366577
1759.5   978.4366577
1760.5   978.4366577
1761.5   978.4366577
1762.5   978.4366577
1763.5   978.4366577
1764.5   978.4366577
1765.5   978.4366577
1766.5   978.4366577
1767.5   978.4366577
1768.5   978.4366577
1769.5   978.4366577
1770.5   978.4366577
1771.5   978.4366577
1772.5   978.4366577
1773.5   978.4366577
1774.5   978.4366577
1775.5   978.4366577
1776.5   978.4366577
1777.5   978.4366577
1778.5   978.4366577
1779.5   978.4366577
1780.5   978.4366577
1781.5   978.4366577
1782.5   978.4366577
1783.5   978.4366577
1784.5   978.4366577
1785.5   978.4366577
1786.5   978.4366577
1787.5   978.4366577
1788.5   978.4366577
1789.5   978.4366577
1790.5   978.4366577
1791.5   978.4366577
1792.5   978.4366577
1793.5   978.4366577
1794.5   978.4366577
1795.5   978.4366577
1796.5   978.4366577
1797.5   978.4366577
1798.5   978.4366577
1799.5   970.3504043
1800.5   970.3504043
1801.5   970.3504043
1802.5   970.3504043
1803.5   970.3504043
1804.5   970.3504043
1805.5   970.3504043
1806.5   970.3504043
1807.5   970.3504043
1808.5   970.3504043
1809.5   970.3504043
1810.5   970.3504043
1811.5   970.3504043
1812.5   970.3504043
1813.5   970.3504043
1814.5   970.3504043
1815.5   970.3504043
1816.5   970.3504043
1817.5   970.3504043
1818.5   970.3504043
1819.5   970.3504043
1820.5   970.3504043
1821.5   970.3504043
1822.5   970.3504043
1823.5   970.3504043
1824.5   970.3504043
1825.5   970.3504043
1826.5   970.3504043
1827.5   970.3504043
1828.5   970.3504043
1829.5   970.3504043
1830.5   970.3504043
1831.5   970.3504043
1832.5   970.3504043
1833.5   970.3504043
1834.5   970.3504043
1835.5   970.3504043
1836.5   970.3504043
1837.5   970.3504043
1838.5   970.3504043
1839.5   970.3504043
1840.5   970.3504043
1841.5   959.5687332
1842.5   959.5687332
1843.5   959.5687332
1844.5   959.5687332
1845.5   959.5687332
1846.5   959.5687332
1847.5   959.5687332
1848.5   959.5687332
1849.5   959.5687332
1850.5   959.5687332
1851.5   959.5687332
1852.5   959.5687332
1853.5   959.5687332
1854.5   959.5687332
1855.5   959.5687332
1856.5   959.5687332
1857.5   959.5687332
1858.5   959.5687332
1859.5   959.5687332
1860.5   959.5687332
1861.5   959.5687332
1862.5   959.5687332
1863.5   959.5687332
1864.5   959.5687332
1865.5   959.5687332
1866.5   959.5687332
1867.5   959.5687332
1868.5   959.5687332
1869.5   959.5687332
1870.5   959.5687332
1871.5   959.5687332
1872.5   959.5687332
1873.5   959.5687332
1874.5   959.5687332
1875.5   959.5687332
1876.5   959.5687332
1877.5   959.5687332
1878.5   959.5687332
1879.5   959.5687332
1880.5   959.5687332
1881.5   959.5687332
1882.5   959.5687332
1883.5   959.5687332
1884.5   959.5687332
1885.5   946.0916442
1886.5   946.0916442
1887.5   946.0916442
1888.5   946.0916442
1889.5   946.0916442
1890.5   946.0916442
1891.5   946.0916442
1892.5   946.0916442
1893.5   946.0916442
1894.5   946.0916442
1895.5   946.0916442
1896.5   946.0916442
1897.5   946.0916442
1898.5   946.0916442
1899.5   946.0916442
1900.5   946.0916442
1901.5   946.0916442
1902.5   946.0916442
1903.5   946.0916442
1904.5   946.0916442
1905.5   946.0916442
1906.5   946.0916442
1907.5   946.0916442
1908.5   946.0916442
1909.5   946.0916442
1910.5   946.0916442
1911.5   946.0916442
1912.5   946.0916442
1913.5   946.0916442
1914.5   946.0916442
1915.5   946.0916442
1916.5   946.0916442
1917.5   946.0916442
1918.5   946.0916442
1919.5   946.0916442
1920.5   946.0916442
1921.5   946.0916442
1922.5   946.0916442
1923.5   946.0916442
1924.5   946.0916442
1925.5   946.0916442
1926.5   946.0916442
1927.5   946.0916442
1928.5   946.0916442
1929.5   946.0916442
1930.5   932.6145553
1931.5   932.6145553
1932.5   932.6145553
1933.5   932.6145553
1934.5   932.6145553
1935.5   932.6145553
1936.5   932.6145553
1937.5   932.6145553
1938.5   932.6145553
1939.5   932.6145553
1940.5   932.6145553
1941.5   932.6145553
1942.5   932.6145553
1943.5   932.6145553
1944.5   932.6145553
1945.5   932.6145553
1946.5   932.6145553
1947.5   932.6145553
1948.5   932.6145553
1949.5   932.6145553
1950.5   932.6145553
1951.5   932.6145553
1952.5   932.6145553
1953.5   932.6145553
1954.5   932.6145553
1955.5   932.6145553
1956.5   932.6145553
1957.5   932.6145553
1958.5   932.6145553
1959.5   932.6145553
1960.5   932.6145553
1961.5   932.6145553
1962.5   932.6145553
1963.5   932.6145553
1964.5   932.6145553
1965.5   932.6145553
1966.5   932.6145553
1967.5   932.6145553
1968.5   932.6145553
1969.5   932.6145553
1970.5   916.4420485
1971.5   916.4420485
1972.5   916.4420485
1973.5   916.4420485
1974.5   916.4420485
1975.5   916.4420485
1976.5   916.4420485
1977.5   916.4420485
1978.5   916.4420485
1979.5   916.4420485
1980.5   916.4420485
1981.5   916.4420485
1982.5   916.4420485
1983.5   916.4420485
1984.5   916.4420485
1985.5   916.4420485
1986.5   916.4420485
1987.5   916.4420485
1988.5   916.4420485
1989.5   916.4420485
1990.5   916.4420485
1991.5   916.4420485
1992.5   916.4420485
1993.5   916.4420485
1994.5   916.4420485
1995.5   916.4420485
1996.5   916.4420485
1997.5   916.4420485
1998.5   916.4420485
1999.5   916.4420485
2000.5   916.4420485
2001.5   916.4420485
2002.5   916.4420485
2003.5   916.4420485
2004.5   916.4420485
2005.5   916.4420485
2006.5   916.4420485
2007.5   916.4420485
2008.5   916.4420485
2009.5   916.4420485
2010.5   916.4420485
2011.5   916.4420485
2012.5   916.4420485
2013.5   900.2695418
2014.5   900.2695418
2015.5   900.2695418
2016.5   900.2695418
2017.5   900.2695418
2018.5   900.2695418
2019.5   900.2695418
2020.5   900.2695418
2021.5   900.2695418
2022.5   900.2695418
2023.5   900.2695418
2024.5   900.2695418
2025.5   900.2695418
2026.5   900.2695418
2027.5   900.2695418
2028.5   900.2695418
2029.5   900.2695418
2030.5   900.2695418
2031.5   900.2695418
2032.5   900.2695418
2033.5   900.2695418
2034.5   900.2695418
2035.5   900.2695418
2036.5   900.2695418
2037.5   900.2695418
2038.5   900.2695418
2039.5   900.2695418
2040.5   900.2695418
2041.5   900.2695418
2042.5   900.2695418
2043.5   900.2695418
2044.5   900.2695418
2045.5   900.2695418
2046.5   900.2695418
2047.5   900.2695418
2048.5   900.2695418
2049.5   900.2695418
2050.5   900.2695418
2051.5   900.2695418
2052.5   900.2695418
2053.5   900.2695418
2054.5   900.2695418
2055.5   884.097035
2056.5   884.097035
2057.5   884.097035
2058.5   884.097035
2059.5   884.097035
2060.5   884.097035
2061.5   884.097035
2062.5   884.097035
2063.5   884.097035
2064.5   884.097035
2065.5   884.097035
2066.5   884.097035
2067.5   884.097035
2068.5   884.097035
2069.5   884.097035
2070.5   884.097035
2071.5   884.097035
2072.5   884.097035
2073.5   884.097035
2074.5   884.097035
2075.5   884.097035
2076.5   884.097035
2077.5   884.097035
2078.5   884.097035
2079.5   884.097035
2080.5   884.097035
2081.5   884.097035
2082.5   884.097035
2083.5   884.097035
2084.5   884.097035
2085.5   884.097035
2086.5   884.097035
2087.5   884.097035
2088.5   884.097035
2089.5   884.097035
2090.5   884.097035
2091.5   884.097035
2092.5   884.097035
2093.5   884.097035
2094.5   884.097035
2095.5   865.2291105
2096.5   865.2291105
2097.5   865.2291105
2098.5   865.2291105
2099.5   865.2291105
2100.5   865.2291105
2101.5   865.2291105
2102.5   865.2291105
2103.5   865.2291105
2104.5   865.2291105
2105.5   865.2291105
2106.5   865.2291105
2107.5   865.2291105
2108.5   865.2291105
2109.5   865.2291105
2110.5   865.2291105
2111.5   865.2291105
2112.5   865.2291105
2113.5   865.2291105
2114.5   865.2291105
2115.5   865.2291105
2116.5   865.2291105
2117.5   865.2291105
2118.5   865.2291105
2119.5   865.2291105
2120.5   865.2291105
2121.5   865.2291105
2122.5   865.2291105
2123.5   865.2291105
2124.5   865.2291105
2125.5   865.2291105
2126.5   865.2291105
2127.5   865.2291105
2128.5   865.2291105
2129.5   865.2291105
2130.5   865.2291105
2131.5   865.2291105
2132.5   865.2291105
2133.5   865.2291105
2134.5   865.2291105
2135.5   849.0566038
2136.5   849.0566038
2137.5   849.0566038
2138.5   849.0566038
2139.5   849.0566038
2140.5   849.0566038
2141.5   849.0566038
2142.5   849.0566038
2143.5   849.0566038
2144.5   849.0566038
2145.5   849.0566038
2146.5   849.0566038
2147.5   849.0566038
2148.5   849.0566038
2149.5   849.0566038
2150.5   849.0566038
2151.5   849.0566038
2152.5   849.0566038
2153.5   849.0566038
2154.5   849.0566038
2155.5   849.0566038
2156.5   849.0566038
2157.5   849.0566038
2158.5   849.0566038
2159.5   849.0566038
2160.5   849.0566038
2161.5   849.0566038
2162.5   849.0566038
2163.5   849.0566038
2164.5   849.0566038
2165.5   849.0566038
2166.5   849.0566038
2167.5   849.0566038
2168.5   849.0566038
2169.5   849.0566038
2170.5   849.0566038
2171.5   849.0566038
2172.5   832.884097
2173.5   832.884097
2174.5   832.884097
2175.5   832.884097
2176.5   832.884097
2177.5   832.884097
2178.5   832.884097
2179.5   832.884097
2180.5   832.884097
2181.5   832.884097
2182.5   832.884097
2183.5   832.884097
2184.5   832.884097
2185.5   832.884097
2186.5   832.884097
2187.5   832.884097
2188.5   832.884097
2189.5   832.884097
2190.5   832.884097
2191.5   832.884097
2192.5   832.884097
2193.5   832.884097
2194.5   832.884097
2195.5   832.884097
2196.5   832.884097
2197.5   832.884097
2198.5   832.884097
2199.5   832.884097
2200.5   832.884097
2201.5   832.884097
2202.5   832.884097
2203.5   832.884097
2204.5   832.884097
2205.5   832.884097
2206.5   816.7115903
2207.5   816.7115903
2208.5   816.7115903
2209.5   816.7115903
2210.5   816.7115903
2211.5   816.7115903
2212.5   816.7115903
2213.5   816.7115903
2214.5   816.7115903
2215.5   816.7115903
2216.5   816.7115903
2217.5   816.7115903
2218.5   816.7115903
2219.5   816.7115903
2220.5   816.7115903
2221.5   816.7115903
2222.5   816.7115903
2223.5   816.7115903
2224.5   816.7115903
2225.5   816.7115903
2226.5   816.7115903
2227.5   816.7115903
2228.5   816.7115903
2229.5   816.7115903
2230.5   816.7115903
2231.5   816.7115903
2232.5   816.7115903
2233.5   816.7115903
2234.5   816.7115903
2235.5   816.7115903
2236.5   816.7115903
2237.5   816.7115903
2238.5   816.7115903
2239.5   816.7115903
2240.5   816.7115903
2241.5   795.148248
2242.5   795.148248
2243.5   795.148248
2244.5   795.148248
2245.5   795.148248
2246.5   795.148248
2247.5   795.148248
2248.5   795.148248
2249.5   795.148248
2250.5   795.148248
2251.5   795.148248
2252.5   795.148248
2253.5   795.148248
2254.5   795.148248
2255.5   795.148248
2256.5   795.148248
2257.5   795.148248
2258.5   795.148248
2259.5   795.148248
2260.5   795.148248
2261.5   795.148248
2262.5   795.148248
2263.5   795.148248
2264.5   795.148248
2265.5   795.148248
2266.5   795.148248
2267.5   795.148248
2268.5   795.148248
2269.5   795.148248
2270.5   795.148248
2271.5   795.148248
2272.5   795.148248
2273.5   795.148248
2274.5   795.148248
2275.5   795.148248
2276.5   778.9757412
2277.5   778.9757412
2278.5   778.9757412
2279.5   778.9757412
2280.5   778.9757412
2281.5   778.9757412
2282.5   778.9757412
2283.5   778.9757412
2284.5   778.9757412
2285.5   778.9757412
2286.5   778.9757412
2287.5   778.9757412
2288.5   778.9757412
2289.5   778.9757412
2290.5   778.9757412
2291.5   778.9757412
2292.5   778.9757412
2293.5   778.9757412
2294.5   778.9757412
2295.5   778.9757412
2296.5   778.9757412
2297.5   778.9757412
2298.5   778.9757412
2299.5   778.9757412
2300.5   778.9757412
2301.5   778.9757412
2302.5   778.9757412
2303.5   778.9757412
2304.5   778.9757412
2305.5   778.9757412
2306.5   762.8032345
2307.5   762.8032345
2308.5   762.8032345
2309.5   762.8032345
2310.5   762.8032345
2311.5   762.8032345
2312.5   762.8032345
2313.5   762.8032345
2314.5   762.8032345
2315.5   762.8032345
2316.5   762.8032345
2317.5   762.8032345
2318.5   762.8032345
2319.5   762.8032345
2320.5   762.8032345
2321.5   762.8032345
2322.5   762.8032345
2323.5   762.8032345
2324.5   762.8032345
2325.5   762.8032345
2326.5   762.8032345
2327.5   762.8032345
2328.5   762.8032345
2329.5   762.8032345
2330.5   762.8032345
2331.5   762.8032345
2332.5   762.8032345
2333.5   762.8032345
2334.5   762.8032345
2335.5   762.8032345
2336.5   762.8032345
2337.5   762.8032345
2338.5   762.8032345
2339.5   762.8032345
2340.5   762.8032345
2341.5   743.93531
2342.5   743.93531
2343.5   743.93531
2344.5   743.93531
2345.5   743.93531
2346.5   743.93531
2347.5   743.93531
2348.5   743.93531
2349.5   743.93531
2350.5   743.93531
2351.5   743.93531
2352.5   743.93531
2353.5   743.93531
2354.5   743.93531
2355.5   743.93531
2356.5   743.93531
2357.5   743.93531
2358.5   743.93531
2359.5   743.93531
2360.5   743.93531
2361.5   743.93531
2362.5   743.93531
2363.5   743.93531
2364.5   743.93531
2365.5   743.93531
2366.5   743.93531
2367.5   743.93531
2368.5   743.93531
2369.5   743.93531
2370.5   743.93531
2371.5   743.93531
2372.5   743.93531
2373.5   743.93531
2374.5   743.93531
2375.5   743.93531
2376.5   743.93531
2377.5   743.93531
2378.5   743.93531
2379.5   743.93531
2380.5   743.93531
2381.5   743.93531
2382.5   743.93531
2383.5   743.93531
2384.5   743.93531
2385.5   716.9811321
2386.5   716.9811321
2387.5   716.9811321
2388.5   716.9811321
2389.5   716.9811321
2390.5   716.9811321
2391.5   716.9811321
2392.5   716.9811321
2393.5   716.9811321
2394.5   716.9811321
2395.5   716.9811321
2396.5   716.9811321
2397.5   716.9811321
2398.5   716.9811321
2399.5   716.9811321
2400.5   716.9811321
2401.5   716.9811321
2402.5   716.9811321
2403.5   716.9811321
2404.5   716.9811321
2405.5   716.9811321
2406.5   716.9811321
2407.5   716.9811321
2408.5   716.9811321
2409.5   716.9811321
2410.5   716.9811321
2411.5   716.9811321
2412.5   716.9811321
2413.5   716.9811321
2414.5   716.9811321
2415.5   716.9811321
2416.5   716.9811321
2417.5   716.9811321
2418.5   716.9811321
2419.5   716.9811321
2420.5   716.9811321
2421.5   716.9811321
2422.5   716.9811321
2423.5   716.9811321
2424.5   716.9811321
2425.5   716.9811321
2426.5   716.9811321
2427.5   716.9811321
2428.5   692.722372
2429.5   692.722372
2430.5   692.722372
2431.5   692.722372
2432.5   692.722372
2433.5   692.722372
2434.5   692.722372
2435.5   692.722372
2436.5   692.722372
2437.5   692.722372
2438.5   692.722372
2439.5   692.722372
2440.5   692.722372
2441.5   692.722372
2442.5   692.722372
2443.5   692.722372
2444.5   692.722372
2445.5   692.722372
2446.5   692.722372
2447.5   692.722372
2448.5   692.722372
2449.5   692.722372
2450.5   692.722372
2451.5   692.722372
2452.5   692.722372
2453.5   692.722372
2454.5   692.722372
2455.5   692.722372
2456.5   692.722372
2457.5   692.722372
2458.5   692.722372
2459.5   692.722372
2460.5   692.722372
2461.5   692.722372
2462.5   692.722372
2463.5   692.722372
2464.5   692.722372
2465.5   692.722372
2466.5   692.722372
2467.5   673.8544474
2468.5   673.8544474
2469.5   673.8544474
2470.5   673.8544474
2471.5   673.8544474
2472.5   673.8544474
2473.5   673.8544474
2474.5   673.8544474
2475.5   673.8544474
2476.5   673.8544474
2477.5   673.8544474
2478.5   673.8544474
2479.5   673.8544474
2480.5   673.8544474
2481.5   673.8544474
2482.5   673.8544474
2483.5   673.8544474
2484.5   673.8544474
2485.5   673.8544474
2486.5   673.8544474
2487.5   673.8544474
2488.5   673.8544474
2489.5   673.8544474
2490.5   673.8544474
2491.5   673.8544474
2492.5   673.8544474
2493.5   673.8544474
2494.5   673.8544474
2495.5   673.8544474
2496.5   673.8544474
2497.5   673.8544474
2498.5   673.8544474
2499.5   673.8544474
2500.5   673.8544474
2501.5   673.8544474
2502.5   652.2911051
2503.5   652.2911051
2504.5   652.2911051
2505.5   652.2911051
2506.5   652.2911051
2507.5   652.2911051
2508.5   652.2911051
2509.5   652.2911051
2510.5   652.2911051
2511.5   652.2911051
2512.5   652.2911051
2513.5   652.2911051
2514.5   652.2911051
2515.5   652.2911051
2516.5   652.2911051
2517.5   652.2911051
2518.5   652.2911051
2519.5   652.2911051
2520.5   652.2911051
2521.5   652.2911051
2522.5   652.2911051
2523.5   652.2911051
2524.5   652.2911051
2525.5   652.2911051
2526.5   652.2911051
2527.5   652.2911051
2528.5   652.2911051
2529.5   652.2911051
2530.5   652.2911051
2531.5   652.2911051
2532.5   652.2911051
2533.5   652.2911051
2534.5   652.2911051
2535.5   652.2911051
2536.5   652.2911051
2537.5   652.2911051
2538.5   630.7277628
2539.5   630.7277628
2540.5   630.7277628
2541.5   630.7277628
2542.5   630.7277628
2543.5   630.7277628
2544.5   630.7277628
2545.5   630.7277628
2546.5   630.7277628
2547.5   630.7277628
2548.5   630.7277628
2549.5   630.7277628
2550.5   630.7277628
2551.5   630.7277628
2552.5   630.7277628
2553.5   630.7277628
2554.5   630.7277628
2555.5   630.7277628
2556.5   630.7277628
2557.5   630.7277628
2558.5   630.7277628
2559.5   630.7277628
2560.5   630.7277628
2561.5   630.7277628
2562.5   630.7277628
2563.5   630.7277628
2564.5   630.7277628
2565.5   630.7277628
2566.5   630.7277628
2567.5   630.7277628
2568.5   630.7277628
2569.5   630.7277628
2570.5   630.7277628
2571.5   630.7277628
2572.5   630.7277628
2573.5   630.7277628
2574.5   630.7277628
2575.5   611.8598383
2576.5   611.8598383
2577.5   611.8598383
2578.5   611.8598383
2579.5   611.8598383
2580.5   611.8598383
2581.5   611.8598383
2582.5   611.8598383
2583.5   611.8598383
2584.5   611.8598383
2585.5   611.8598383
2586.5   611.8598383
2587.5   611.8598383
2588.5   611.8598383
2589.5   611.8598383
2590.5   611.8598383
2591.5   611.8598383
2592.5   611.8598383
2593.5   611.8598383
2594.5   611.8598383
2595.5   611.8598383
2596.5   611.8598383
2597.5   611.8598383
2598.5   611.8598383
2599.5   611.8598383
2600.5   611.8598383
2601.5   611.8598383
2602.5   611.8598383
2603.5   611.8598383
2604.5   611.8598383
2605.5   611.8598383
2606.5   611.8598383
2607.5   592.9919137
2608.5   592.9919137
2609.5   592.9919137
2610.5   592.9919137
2611.5   592.9919137
2612.5   592.9919137
2613.5   592.9919137
2614.5   592.9919137
2615.5   592.9919137
2616.5   592.9919137
2617.5   592.9919137
2618.5   592.9919137
2619.5   592.9919137
2620.5   592.9919137
2621.5   592.9919137
2622.5   592.9919137
2623.5   592.9919137
2624.5   592.9919137
2625.5   592.9919137
2626.5   592.9919137
2627.5   592.9919137
2628.5   592.9919137
2629.5   592.9919137
2630.5   592.9919137
2631.5   592.9919137
2632.5   592.9919137
2633.5   592.9919137
2634.5   592.9919137
2635.5   592.9919137
2636.5   592.9919137
2637.5   592.9919137
2638.5   592.9919137
2639.5   592.9919137
2640.5   592.9919137
2641.5   592.9919137
2642.5   571.4285714
2643.5   571.4285714
2644.5   571.4285714
2645.5   571.4285714
2646.5   571.4285714
2647.5   571.4285714
2648.5   571.4285714
2649.5   571.4285714
2650.5   571.4285714
2651.5   571.4285714
2652.5   571.4285714
2653.5   571.4285714
2654.5   571.4285714
2655.5   571.4285714
2656.5   571.4285714
2657.5   571.4285714
2658.5   571.4285714
2659.5   571.4285714
2660.5   571.4285714
2661.5   571.4285714
2662.5   571.4285714
2663.5   571.4285714
2664.5   571.4285714
2665.5   571.4285714
2666.5   571.4285714
2667.5   571.4285714
2668.5   571.4285714
2669.5   571.4285714
2670.5   571.4285714
2671.5   571.4285714
2672.5   571.4285714
2673.5   571.4285714
2674.5   571.4285714
2675.5   571.4285714
2676.5   571.4285714
2677.5   571.4285714
2678.5   571.4285714
2679.5   571.4285714
2680.5   571.4285714
2681.5   571.4285714
2682.5   552.5606469
2683.5   552.5606469
2684.5   552.5606469
2685.5   552.5606469
2686.5   552.5606469
2687.5   552.5606469
2688.5   552.5606469
2689.5   552.5606469
2690.5   552.5606469
2691.5   552.5606469
2692.5   552.5606469
2693.5   552.5606469
2694.5   552.5606469
2695.5   552.5606469
2696.5   552.5606469
2697.5   552.5606469
2698.5   552.5606469
2699.5   552.5606469
2700.5   552.5606469
2701.5   552.5606469
2702.5   552.5606469
2703.5   552.5606469
2704.5   552.5606469
2705.5   552.5606469
2706.5   552.5606469
2707.5   552.5606469
2708.5   552.5606469
2709.5   552.5606469
2710.5   552.5606469
2711.5   552.5606469
2712.5   552.5606469
2713.5   552.5606469
2714.5   552.5606469
2715.5   552.5606469
2716.5   552.5606469
2717.5   552.5606469
2718.5   552.5606469
2719.5   533.6927224
2720.5   533.6927224
2721.5   533.6927224
2722.5   533.6927224
2723.5   533.6927224
2724.5   533.6927224
2725.5   533.6927224
2726.5   533.6927224
2727.5   533.6927224
2728.5   533.6927224
2729.5   533.6927224
2730.5   533.6927224
2731.5   533.6927224
2732.5   533.6927224
2733.5   533.6927224
2734.5   533.6927224
2735.5   533.6927224
2736.5   533.6927224
2737.5   533.6927224
2738.5   533.6927224
2739.5   533.6927224
2740.5   533.6927224
2741.5   533.6927224
2742.5   533.6927224
2743.5   533.6927224
2744.5   533.6927224
2745.5   533.6927224
2746.5   533.6927224
2747.5   533.6927224
2748.5   533.6927224
2749.5   533.6927224
2750.5   533.6927224
2751.5   533.6927224
2752.5   533.6927224
2753.5   533.6927224
2754.5   533.6927224
2755.5   533.6927224
2756.5   533.6927224
2757.5   533.6927224
2758.5   533.6927224
2759.5   509.4339623
2760.5   509.4339623
2761.5   509.4339623
2762.5   509.4339623
2763.5   509.4339623
2764.5   509.4339623
2765.5   509.4339623
2766.5   509.4339623
2767.5   509.4339623
2768.5   509.4339623
2769.5   509.4339623
2770.5   509.4339623
2771.5   509.4339623
2772.5   509.4339623
2773.5   509.4339623
2774.5   509.4339623
2775.5   509.4339623
2776.5   509.4339623
2777.5   509.4339623
2778.5   509.4339623
2779.5   509.4339623
2780.5   509.4339623
2781.5   509.4339623
2782.5   509.4339623
2783.5   509.4339623
2784.5   509.4339623
2785.5   509.4339623
2786.5   509.4339623
2787.5   509.4339623
2788.5   509.4339623
2789.5   509.4339623
2790.5   509.4339623
2791.5   509.4339623
2792.5   509.4339623
2793.5   509.4339623
2794.5   509.4339623
2795.5   509.4339623
2796.5   509.4339623
2797.5   509.4339623
2798.5   509.4339623
2799.5   509.4339623
2800.5   509.4339623
2801.5   509.4339623
2802.5   509.4339623
2803.5   509.4339623
2804.5   509.4339623
2805.5   509.4339623
2806.5   509.4339623
2807.5   509.4339623
2808.5   485.1752022
2809.5   485.1752022
