2.00e+08  2.4970223
2.10e+08  4.8348445
2.20e+08  8.5237535
2.30e+08  9.2147996
2.40e+08  9.3251375
2.50e+08  9.7325936
2.60e+08  8.9513643
2.70e+08  8.3256983
2.80e+08  8.5562499
2.90e+08  7.8265333
3.00e+08  8.6382142
3.10e+08  8.1658195
3.20e+08  8.4233328
3.30e+08  8.8481824
3.40e+08  9.086128
3.50e+08  9.445199
3.60e+08  9.1032247
3.70e+08  8.7167229
3.80e+08  8.9695517
3.90e+08  8.8473866
4.00e+08  9.208967
4.10e+08  9.704013
4.20e+08  9.8658297
4.30e+08  9.6042121
4.40e+08  9.7689639
4.50e+08  10.8871
4.60e+08  10.050587
4.70e+08  10.881334
4.80e+08  10.797583
4.90e+08  9.8270382
5.00e+08  10.871795
5.10e+08  10.17543
5.20e+08  9.8036302
5.30e+08  10.236815
5.40e+08  9.5724891
5.50e+08  10.579367
5.60e+08  10.473794
5.70e+08  10.963774
5.80e+08  11.818442
5.90e+08  11.602789
6.00e+08  12.247529
6.10e+08  12.273556
6.20e+08  11.706276
6.30e+08  12.753011
6.40e+08  11.182426
6.50e+08  10.999646
6.60e+08  10.1952
6.70e+08  10.403719
6.80e+08  10.74254
6.90e+08  9.2706751
7.00e+08  10.772779
7.10e+08  10.360281
7.20e+08  10.734534
7.30e+08  11.339011
7.40e+08  11.214264
7.50e+08  11.325803
7.60e+08  12.272363
7.70e+08  12.91618
7.80e+08  13.115685
7.90e+08  12.39296
8.00e+08  11.708264
8.10e+08  11.238391
8.20e+08  11.296329
8.30e+08  11.350505
8.40e+08  10.926753
8.50e+08  10.730962
8.60e+08  9.2191614
8.70e+08  10.892689
8.80e+08  8.8249988
8.90e+08  10.771842
9.00e+08  10.780462
9.10e+08  9.6292217
9.20e+08  11.344709
9.30e+08  11.642189
9.40e+08  10.679527
9.50e+08  12.473819
9.60e+08  11.473459
9.70e+08  13.041392
9.80e+08  12.294023
9.90e+08  12.828641
1.00e+09  12.913355
1.01e+09  12.004658
1.02e+09  12.834436
1.03e+09  12.552615
1.04e+09  13.945566
1.05e+09  12.140482
1.06e+09  12.356744
1.07e+09  12.61045
1.08e+09  12.042506
1.09e+09  14.73773
1.10e+09  11.240466
1.11e+09  12.008542
1.12e+09  12.864793
1.13e+09  9.9872779
1.14e+09  12.393338
1.15e+09  11.053939
1.16e+09  9.219562
1.17e+09  10.338324
1.18e+09  10.122897
1.19e+09  9.7262467
1.20e+09  8.8142451
1.21e+09  8.3104021
1.22e+09  7.8180399
1.23e+09  8.7298481
1.24e+09  8.585217
1.25e+09  8.916754
1.26e+09  9.8891076
1.27e+09  9.543663
1.28e+09  8.5631709
1.29e+09  8.7905476
1.30e+09  9.9054593
1.31e+09  9.8222058
1.32e+09  9.5826539
1.33e+09  8.8241859
1.34e+09  9.8662513
1.35e+09  10.076375
1.36e+09  8.8473
1.37e+09  11.878517
1.38e+09  11.280525
1.39e+09  11.372495
1.40e+09  19.523528
1.41e+09  18.31557
1.42e+09  17.976556
1.43e+09  28.143452
1.44e+09  23.997346
1.45e+09  26.726348
1.46e+09  31.073042
1.47e+09  27.227748
1.48e+09  34.383466
1.49e+09  39.598512
1.50e+09  37.758407
