2.00e+08  1.0010299
2.10e+08  1.0149223
2.20e+08  1.020077
2.30e+08  1.0181947
2.40e+08  1.0079039
2.50e+08  1.0009465
2.60e+08  0.99792009
2.70e+08  1.0108584
2.80e+08  1.0218173
2.90e+08  1.0134065
3.00e+08  1.007134
3.10e+08  1.0006241
3.20e+08  0.99319032
3.30e+08  0.99247269
3.40e+08  0.9912309
3.50e+08  0.98667077
3.60e+08  0.98524503
3.70e+08  0.99428439
3.80e+08  0.99658664
3.90e+08  0.98631544
4.00e+08  1.0021621
4.10e+08  0.98953956
4.20e+08  0.96100273
4.30e+08  0.98849205
4.40e+08  0.97978154
4.50e+08  0.96058436
4.60e+08  0.99309976
4.70e+08  0.9737182
4.80e+08  0.96272527
4.90e+08  0.98281717
5.00e+08  0.95814205
5.10e+08  0.94638647
5.20e+08  0.96725493
5.30e+08  0.9381897
5.40e+08  0.9435009
5.50e+08  0.97513897
5.60e+08  0.95099452
5.70e+08  0.96702531
5.80e+08  0.96383677
5.90e+08  0.93482317
6.00e+08  0.94353383
6.10e+08  0.92556126
6.20e+08  0.92967909
6.30e+08  0.93049359
6.40e+08  0.93296687
6.50e+08  0.9168136
6.60e+08  0.93819977
6.70e+08  0.93365807
6.80e+08  0.90985105
6.90e+08  0.97933693
7.00e+08  0.91346551
7.10e+08  0.91797008
7.20e+08  0.98816744
7.30e+08  0.92852348
7.40e+08  0.95743724
7.50e+08  0.98460462
7.60e+08  0.96339279
7.70e+08  1.0099943
7.80e+08  0.97560852
7.90e+08  0.90600026
8.00e+08  0.91590512
8.10e+08  0.94866311
8.20e+08  0.96113428
8.30e+08  0.94148498
8.40e+08  0.93175054
8.50e+08  0.95738425
8.60e+08  0.95235325
8.70e+08  0.94849132
8.80e+08  0.97423126
8.90e+08  0.95592629
9.00e+08  0.96075558
9.10e+08  1.0044517
9.20e+08  0.94305795
9.30e+08  0.94519776
9.40e+08  1.0158029
9.50e+08  0.94504826
9.60e+08  0.96215945
9.70e+08  0.97833989
9.80e+08  0.92782078
9.90e+08  0.98565304
1.00e+09  0.97135601
1.01e+09  0.95199322
1.02e+09  0.97926859
1.03e+09  0.94404911
1.04e+09  0.92424524
1.05e+09  1.00752
1.06e+09  0.93115112
1.07e+09  0.95672169
1.08e+09  0.99635068
1.09e+09  0.92639206
1.10e+09  1.0366967
1.11e+09  0.95023909
1.12e+09  0.92177838
1.13e+09  1.0889611
1.14e+09  0.97819772
1.15e+09  0.98751567
1.16e+09  1.1395164
1.17e+09  1.0227603
1.18e+09  1.045741
1.19e+09  1.1299472
1.20e+09  1.1238133
1.21e+09  1.2486336
1.22e+09  1.4507432
1.23e+09  1.3235943
1.24e+09  1.3281932
1.25e+09  1.2555499
1.26e+09  1.0945038
1.27e+09  1.0753271
1.28e+09  0.96773344
1.29e+09  1.0371092
1.30e+09  1.1079228
1.31e+09  0.95468375
1.32e+09  0.87523302
1.33e+09  0.7807703
1.34e+09  0.52687771
1.35e+09  0.66193769
1.36e+09  0.62734712
1.37e+09  0.42843223
1.38e+09  0.64750335
1.39e+09  0.5120261
1.40e+09  0.61322626
1.41e+09  0.67411214
1.42e+09  0.70179772
1.43e+09  0.75098964
1.44e+09  0.7781223
1.45e+09  0.75771134
1.46e+09  0.89006487
1.47e+09  0.86026869
1.48e+09  0.94773104
1.49e+09  0.90235052
1.50e+09  0.90470861
2.00e+08  0.95022455
2.10e+08  0.98517483
2.20e+08  0.97729921
2.30e+08  0.96840918
2.40e+08  0.97097155
2.50e+08  0.95571953
2.60e+08  0.94542423
2.70e+08  0.96628528
2.80e+08  0.97121829
2.90e+08  0.95732905
3.00e+08  0.96437724
3.10e+08  0.95466492
3.20e+08  0.94921689
3.30e+08  0.94328643
3.40e+08  0.95817492
3.50e+08  0.93848038
3.60e+08  0.92113639
3.70e+08  0.95955856
3.80e+08  0.93769108
3.90e+08  0.91226125
4.00e+08  0.96488726
4.10e+08  0.92086041
4.20e+08  0.86865072
4.30e+08  0.9553522
4.40e+08  0.89934734
4.50e+08  0.8660518
4.60e+08  0.95697871
4.70e+08  0.87528786
4.80e+08  0.84894386
4.90e+08  0.93029397
5.00e+08  0.84500608
5.10e+08  0.8314394
5.20e+08  0.90493747
5.30e+08  0.82029952
5.40e+08  0.83823672
5.50e+08  0.88149593
5.60e+08  0.80627097
5.70e+08  0.85595189
5.80e+08  0.84064822
5.90e+08  0.78713859
6.00e+08  0.8089405
6.10e+08  0.76966653
6.20e+08  0.77214979
6.30e+08  0.76796537
6.40e+08  0.77892862
6.50e+08  0.71465404
6.60e+08  0.77285342
6.70e+08  0.74329574
6.80e+08  0.68387187
6.90e+08  0.8439955
7.00e+08  0.68864192
7.10e+08  0.69686207
7.20e+08  0.8173288
7.30e+08  0.67701215
7.40e+08  0.73590688
7.50e+08  0.77099241
7.60e+08  0.73080946
7.70e+08  0.81689795
7.80e+08  0.75517405
7.90e+08  0.66933959
8.00e+08  0.69512384
8.10e+08  0.73704763
8.20e+08  0.76100186
8.30e+08  0.73826963
8.40e+08  0.73430802
8.50e+08  0.77584144
8.60e+08  0.76376205
8.70e+08  0.75606555
8.80e+08  0.79406943
8.90e+08  0.77725672
9.00e+08  0.76934389
9.10e+08  0.85473035
9.20e+08  0.74696522
9.30e+08  0.74249242
9.40e+08  0.84809232
9.50e+08  0.74966604
9.60e+08  0.77372363
9.70e+08  0.79646506
9.80e+08  0.72807058
9.90e+08  0.78546449
1.00e+09  0.78099665
1.01e+09  0.73914421
1.02e+09  0.75735633
1.03e+09  0.73116
1.04e+09  0.70724843
1.05e+09  0.80529521
1.06e+09  0.72346324
1.07e+09  0.74660976
1.08e+09  0.79631593
1.09e+09  0.70310061
1.10e+09  0.8456598
1.11e+09  0.77822536
1.12e+09  0.76068995
1.13e+09  0.98980247
1.14e+09  0.85859096
1.15e+09  0.92502365
1.16e+09  1.1082144
1.17e+09  1.0356415
1.18e+09  1.0490287
1.19e+09  1.1274849
1.20e+09  1.1815345
1.21e+09  1.331483
1.22e+09  1.574863
1.23e+09  1.471673
1.24e+09  1.52262
1.25e+09  1.4160755
1.26e+09  1.1781323
1.27e+09  1.1791325
1.28e+09  1.1286874
1.29e+09  1.2435205
1.30e+09  1.337879
1.31e+09  1.0557059
1.32e+09  1.0391403
1.33e+09  0.92059848
1.34e+09  0.6845505
1.35e+09  0.66120837
1.36e+09  0.5393339
1.37e+09  0.38357992
1.38e+09  0.54576158
1.39e+09  0.47828823
1.40e+09  0.65737868
1.41e+09  0.73351127
1.42e+09  0.53133994
1.43e+09  0.62769436
1.44e+09  0.66688112
1.45e+09  0.70888271
1.46e+09  0.91813843
1.47e+09  0.83744535
1.48e+09  0.92210983
1.49e+09  0.97212873
1.50e+09  0.98877829
2.00e+08  0.76815213
2.10e+08  0.85753565
2.20e+08  0.81439332
2.30e+08  0.7977039
2.40e+08  0.83220709
2.50e+08  0.7966608
2.60e+08  0.78239823
2.70e+08  0.82823238
2.80e+08  0.80916653
2.90e+08  0.78679882
3.00e+08  0.81515855
3.10e+08  0.79662587
3.20e+08  0.79566279
3.30e+08  0.78377178
3.40e+08  0.8236392
3.50e+08  0.77398762
3.60e+08  0.73977632
3.70e+08  0.82845326
3.80e+08  0.74623104
3.90e+08  0.71002645
4.00e+08  0.81226708
4.10e+08  0.69976301
4.20e+08  0.65078759
4.30e+08  0.79367743
4.40e+08  0.65211589
4.50e+08  0.6399941
4.60e+08  0.75204267
4.70e+08  0.59551609
4.80e+08  0.59519849
4.90e+08  0.68816165
5.00e+08  0.56051602
5.10e+08  0.58311455
5.20e+08  0.62170719
5.30e+08  0.51896039
5.40e+08  0.569165
5.50e+08  0.55711766
5.60e+08  0.49513576
5.70e+08  0.54010033
5.80e+08  0.47359321
5.90e+08  0.46549421
6.00e+08  0.44017855
6.10e+08  0.39991279
6.20e+08  0.41564851
6.30e+08  0.35956157
6.40e+08  0.40638559
6.50e+08  0.31460142
6.60e+08  0.35221377
6.70e+08  0.34652822
6.80e+08  0.27484318
6.90e+08  0.38500284
7.00e+08  0.28867722
7.10e+08  0.28077398
7.20e+08  0.33109215
7.30e+08  0.25906699
7.40e+08  0.28960007
7.50e+08  0.30931539
7.60e+08  0.28437854
7.70e+08  0.29584811
7.80e+08  0.30195743
7.90e+08  0.30506202
8.00e+08  0.30781555
8.10e+08  0.30436579
8.20e+08  0.32147187
8.30e+08  0.38800304
8.40e+08  0.37823283
8.50e+08  0.38230084
8.60e+08  0.43301642
8.70e+08  0.37919711
8.80e+08  0.46683324
8.90e+08  0.45465391
9.00e+08  0.37281894
9.10e+08  0.46970524
9.20e+08  0.40130515
9.30e+08  0.39322642
9.40e+08  0.44780256
9.50e+08  0.37299966
9.60e+08  0.39271866
9.70e+08  0.37558151
9.80e+08  0.3657171
9.90e+08  0.37816168
1.00e+09  0.34264704
1.01e+09  0.37065089
1.02e+09  0.34776331
1.03e+09  0.34694687
1.04e+09  0.33939593
1.05e+09  0.36182537
1.06e+09  0.36604517
1.07e+09  0.34257795
1.08e+09  0.43948345
1.09e+09  0.37594662
1.10e+09  0.46092845
1.11e+09  0.51488635
1.12e+09  0.43788041
1.13e+09  0.67544487
1.14e+09  0.59992603
1.15e+09  0.63870779
1.16e+09  0.8701919
1.17e+09  0.73720798
1.18e+09  0.83520727
1.19e+09  0.8080565
1.20e+09  0.88262279
1.21e+09  1.0818407
1.22e+09  1.1590427
1.23e+09  1.1708557
1.24e+09  1.1474435
1.25e+09  1.0799424
1.26e+09  0.93881871
1.27e+09  0.9436536
1.28e+09  1.0268366
1.29e+09  0.99982529
1.30e+09  1.220139
1.31e+09  0.91510733
1.32e+09  0.90786634
1.33e+09  0.86719571
1.34e+09  0.62305321
1.35e+09  0.62957808
1.36e+09  0.58307
1.37e+09  0.41491404
1.38e+09  0.4953168
1.39e+09  0.39506939
1.40e+09  0.6149846
1.41e+09  0.56362772
1.42e+09  0.45242879
1.43e+09  0.58206218
1.44e+09  0.54740716
1.45e+09  0.54409372
1.46e+09  0.66151003
1.47e+09  0.53087303
1.48e+09  0.65359595
1.49e+09  0.7686703
1.50e+09  0.63360581
2.00e+08  0.56008134
2.10e+08  0.66958613
2.20e+08  0.59270258
2.30e+08  0.58440984
2.40e+08  0.62863275
2.50e+08  0.57714691
2.60e+08  0.58092824
2.70e+08  0.63475198
2.80e+08  0.60564337
2.90e+08  0.59983255
3.00e+08  0.6257818
3.10e+08  0.60447933
3.20e+08  0.60077974
3.30e+08  0.59090311
3.40e+08  0.62671315
3.50e+08  0.58076497
3.60e+08  0.55825234
3.70e+08  0.62340909
3.80e+08  0.52816368
3.90e+08  0.50174452
4.00e+08  0.55874266
4.10e+08  0.4697782
4.20e+08  0.45574673
4.30e+08  0.52585985
4.40e+08  0.43184357
4.50e+08  0.42148406
4.60e+08  0.44728637
4.70e+08  0.36478471
4.80e+08  0.35682605
4.90e+08  0.38100538
5.00e+08  0.33257437
5.10e+08  0.32307532
5.20e+08  0.32196167
5.30e+08  0.28656311
5.40e+08  0.28952174
5.50e+08  0.27556061
5.60e+08  0.25537351
5.70e+08  0.25109169
5.80e+08  0.21550854
5.90e+08  0.20491508
6.00e+08  0.17592381
6.10e+08  0.16030496
6.20e+08  0.15560949
6.30e+08  0.13562192
6.40e+08  0.15051854
6.50e+08  0.11137058
6.60e+08  0.12945718
6.70e+08  0.12242426
6.80e+08  0.094551754
6.90e+08  0.1213376
7.00e+08  0.088981196
7.10e+08  0.084992455
7.20e+08  0.10009563
7.30e+08  0.075669817
7.40e+08  0.075558958
7.50e+08  0.079188335
7.60e+08  0.083712289
7.70e+08  0.10639205
7.80e+08  0.11755336
7.90e+08  0.10890956
8.00e+08  0.11326654
8.10e+08  0.14312127
8.20e+08  0.1594402
8.30e+08  0.17709719
8.40e+08  0.17126737
8.50e+08  0.1782094
8.60e+08  0.20291034
8.70e+08  0.18481165
8.80e+08  0.20094788
8.90e+08  0.19836363
9.00e+08  0.17087309
9.10e+08  0.19117139
9.20e+08  0.15366842
9.30e+08  0.15075221
9.40e+08  0.15652433
9.50e+08  0.13165216
9.60e+08  0.13853646
9.70e+08  0.1187252
9.80e+08  0.1104001
9.90e+08  0.11427741
1.00e+09  0.09947799
1.01e+09  0.094909493
1.02e+09  0.089903888
1.03e+09  0.08351843
1.04e+09  0.081806475
1.05e+09  0.092069425
1.06e+09  0.073566737
1.07e+09  0.0713662
1.08e+09  0.0937937
1.09e+09  0.079437179
1.10e+09  0.12507481
1.11e+09  0.11590977
1.12e+09  0.1087485
1.13e+09  0.19453822
1.14e+09  0.14112472
1.15e+09  0.17120727
1.16e+09  0.24268838
1.17e+09  0.18815159
1.18e+09  0.24508692
1.19e+09  0.26266422
1.20e+09  0.26955268
1.21e+09  0.36245792
1.22e+09  0.43944217
1.23e+09  0.4318504
1.24e+09  0.45986213
1.25e+09  0.43458728
1.26e+09  0.38302838
1.27e+09  0.40312327
1.28e+09  0.41970615
1.29e+09  0.44396189
1.30e+09  0.48462459
1.31e+09  0.39474958
1.32e+09  0.41817635
1.33e+09  0.38514397
1.34e+09  0.34545272
1.35e+09  0.36767371
1.36e+09  0.32664424
1.37e+09  0.33342162
1.38e+09  0.32926262
1.39e+09  0.31084246
1.40e+09  0.44232982
1.41e+09  0.37160619
1.42e+09  0.34996633
1.43e+09  0.51510845
1.44e+09  0.39582356
1.45e+09  0.43306512
1.46e+09  0.52877858
1.47e+09  0.41409701
1.48e+09  0.54235745
1.49e+09  0.5365014
1.50e+09  0.46777882
2.00e+08  0.30935872
2.10e+08  0.36000734
2.20e+08  0.28652442
2.30e+08  0.29567443
2.40e+08  0.3100667
2.50e+08  0.27440266
2.60e+08  0.30008776
2.70e+08  0.33231761
2.80e+08  0.3308092
2.90e+08  0.353476
3.00e+08  0.36353038
3.10e+08  0.35750011
3.20e+08  0.35170614
3.30e+08  0.34688609
3.40e+08  0.36056476
3.50e+08  0.35505951
3.60e+08  0.33446775
3.70e+08  0.36432388
3.80e+08  0.3154789
3.90e+08  0.27462295
4.00e+08  0.28264312
4.10e+08  0.25722578
4.20e+08  0.21416273
4.30e+08  0.24449786
4.40e+08  0.20974719
4.50e+08  0.17097262
4.60e+08  0.19364945
4.70e+08  0.15821727
4.80e+08  0.12976853
4.90e+08  0.15157936
5.00e+08  0.12156545
5.10e+08  0.11085952
5.20e+08  0.12037449
5.30e+08  0.095672021
5.40e+08  0.099988675
5.50e+08  0.092524714
5.60e+08  0.074700375
5.70e+08  0.071812181
5.80e+08  0.053859738
5.90e+08  0.047294808
6.00e+08  0.040092624
6.10e+08  0.032042001
6.20e+08  0.032366475
6.30e+08  0.02651426
6.40e+08  0.03186716
6.50e+08  0.029820792
6.60e+08  0.03619789
6.70e+08  0.038105087
6.80e+08  0.027572158
6.90e+08  0.031695837
7.00e+08  0.022279635
7.10e+08  0.017703176
7.20e+08  0.015788164
7.30e+08  0.0099317657
7.40e+08  0.0084339571
7.50e+08  0.0076000385
7.60e+08  0.008251758
7.70e+08  0.011653819
7.80e+08  0.013863169
7.90e+08  0.016852251
8.00e+08  0.019166608
8.10e+08  0.020408362
8.20e+08  0.022128619
8.30e+08  0.027238602
8.40e+08  0.026450516
8.50e+08  0.023672184
8.60e+08  0.027793222
8.70e+08  0.02513439
8.80e+08  0.025947227
8.90e+08  0.024321495
9.00e+08  0.019393006
9.10e+08  0.02416517
9.20e+08  0.019287343
9.30e+08  0.014581402
9.40e+08  0.013120446
9.50e+08  0.0093523627
9.60e+08  0.0088569559
9.70e+08  0.0083619755
9.80e+08  0.0065536843
9.90e+08  0.0051571473
1.00e+09  0.0050697524
1.01e+09  0.0044769048
1.02e+09  0.0041930082
1.03e+09  0.0036791917
1.04e+09  0.0025827002
1.05e+09  0.0030753545
1.06e+09  0.0029171087
1.07e+09  0.0052330133
1.08e+09  0.0091152448
1.09e+09  0.0077370694
1.10e+09  0.013757655
1.11e+09  0.013298664
1.12e+09  0.017290591
1.13e+09  0.039397886
1.14e+09  0.039141144
1.15e+09  0.053747506
1.16e+09  0.071751489
1.17e+09  0.059595478
1.18e+09  0.067447878
1.19e+09  0.074392318
1.20e+09  0.088249022
1.21e+09  0.11540885
1.22e+09  0.15119815
1.23e+09  0.14400354
1.24e+09  0.15492725
1.25e+09  0.14129985
1.26e+09  0.12706714
1.27e+09  0.1437172
1.28e+09  0.15104957
1.29e+09  0.17914328
1.30e+09  0.21704267
1.31e+09  0.1767263
1.32e+09  0.21762245
1.33e+09  0.19929631
1.34e+09  0.21663253
1.35e+09  0.26120325
1.36e+09  0.26029324
1.37e+09  0.29691455
1.38e+09  0.28341029
1.39e+09  0.25247418
1.40e+09  0.33449984
1.41e+09  0.29935118
1.42e+09  0.22886338
1.43e+09  0.30293207
1.44e+09  0.24469755
1.45e+09  0.26827036
1.46e+09  0.29120607
1.47e+09  0.19822094
1.48e+09  0.27603572
1.49e+09  0.23622215
1.50e+09  0.21536955
2.00e+08  0.046153685
2.10e+08  0.048093121
2.20e+08  0.034828603
2.30e+08  0.026447062
2.40e+08  0.024770492
2.50e+08  0.023629256
2.60e+08  0.023840655
2.70e+08  0.028832456
2.80e+08  0.035122165
2.90e+08  0.033781996
3.00e+08  0.031600081
3.10e+08  0.032092151
3.20e+08  0.029437026
3.30e+08  0.028905453
3.40e+08  0.029994594
3.50e+08  0.029595238
3.60e+08  0.025126425
3.70e+08  0.024179496
3.80e+08  0.018983398
3.90e+08  0.015375249
4.00e+08  0.014370211
4.10e+08  0.010345392
4.20e+08  0.0074442301
4.30e+08  0.0088574563
4.40e+08  0.0088775588
4.50e+08  0.010288097
4.60e+08  0.013441273
4.70e+08  0.011830401
4.80e+08  0.010995815
4.90e+08  0.012047164
5.00e+08  0.01168466
5.10e+08  0.013585231
5.20e+08  0.017126653
5.30e+08  0.015686992
5.40e+08  0.016373623
5.50e+08  0.016458739
5.60e+08  0.015190486
5.70e+08  0.016044838
5.80e+08  0.013280046
5.90e+08  0.011324298
6.00e+08  0.0087315841
6.10e+08  0.0068665063
6.20e+08  0.0054868553
6.30e+08  0.004443604
6.40e+08  0.0053272633
6.50e+08  0.0046561551
6.60e+08  0.0056909275
6.70e+08  0.0053951294
6.80e+08  0.0038828357
6.90e+08  0.0044707095
7.00e+08  0.0027780607
7.10e+08  0.0022289384
7.20e+08  0.0019394192
7.30e+08  0.001268247
7.40e+08  0.0012879435
7.50e+08  0.0013080787
7.60e+08  0.0016781783
7.70e+08  0.0024366587
7.80e+08  0.0031108002
7.90e+08  0.0039910909
8.00e+08  0.0054227656
8.10e+08  0.0072216876
8.20e+08  0.0078906587
8.30e+08  0.0087808146
8.40e+08  0.0079186733
8.50e+08  0.0075706026
8.60e+08  0.0083687646
8.70e+08  0.0068493541
8.80e+08  0.0080673468
8.90e+08  0.0074789328
9.00e+08  0.0062624717
9.10e+08  0.0089116288
9.20e+08  0.0070415954
9.30e+08  0.0069646116
9.40e+08  0.0077376072
9.50e+08  0.005909261
9.60e+08  0.0064927827
9.70e+08  0.0058745361
9.80e+08  0.0052981198
9.90e+08  0.005992033
1.00e+09  0.0059240125
1.01e+09  0.0068101668
1.02e+09  0.0070326735
1.03e+09  0.0071620093
1.04e+09  0.007255841
1.05e+09  0.0073702213
1.06e+09  0.0066251543
1.07e+09  0.0051853866
1.08e+09  0.0049402374
1.09e+09  0.0034125338
1.10e+09  0.0034046493
1.11e+09  0.0036343326
1.12e+09  0.0029728172
1.13e+09  0.0044954519
1.14e+09  0.0048128818
1.15e+09  0.005465188
1.16e+09  0.0084805756
1.17e+09  0.0079071607
1.18e+09  0.0088554163
1.19e+09  0.011242943
1.20e+09  0.014146484
1.21e+09  0.017270972
1.22e+09  0.0168093
1.23e+09  0.01462632
1.24e+09  0.013730182
1.25e+09  0.014099168
1.26e+09  0.01379072
1.27e+09  0.014635366
1.28e+09  0.019018773
1.29e+09  0.020065233
1.30e+09  0.02590821
1.31e+09  0.027489463
1.32e+09  0.030702007
1.33e+09  0.038140943
1.34e+09  0.038556838
1.35e+09  0.034404611
1.36e+09  0.043572668
1.37e+09  0.027671474
1.38e+09  0.026922002
1.39e+09  0.029012385
1.40e+09  0.014189642
1.41e+09  0.030572348
1.42e+09  0.022794578
1.43e+09  0.016437
1.44e+09  0.025802852
1.45e+09  0.023378318
1.46e+09  0.022129049
1.47e+09  0.031830398
1.48e+09  0.022228927
1.49e+09  0.022570446
1.50e+09  0.029260776
