# depth_m  pct_change_up_vs_central  pct_change_low_vs_central  
0.000000 27.572009 0.000000
1.000000 27.572009 0.000000
2.000000 27.572009 0.000000
3.000000 27.572009 0.000000
4.000000 27.572009 0.000000
5.000000 27.572009 0.000000
6.000000 27.572009 0.000000
7.000000 27.572009 0.000000
8.000000 27.572009 0.000000
9.000000 27.572009 0.000000
10.000000 27.572009 0.000000
11.000000 27.572009 0.000000
12.000000 27.572009 0.000000
13.000000 27.572009 0.000000
14.000000 27.572009 0.000000
15.000000 27.572009 0.000000
16.000000 27.572009 0.000000
17.000000 27.572009 0.000000
18.000000 27.572009 0.000000
19.000000 27.572009 0.000000
20.000000 27.572009 0.000000
21.000000 27.572009 0.000000
22.000000 27.572009 0.000000
23.000000 27.572009 0.000000
24.000000 27.572009 0.000000
25.000000 27.572009 0.000000
26.000000 27.572009 0.000000
27.000000 27.572009 0.000000
28.000000 27.572009 0.000000
29.000000 27.572009 0.000000
30.000000 27.572009 0.000000
31.000000 27.572009 0.000000
32.000000 27.572009 0.000000
33.000000 27.572009 0.000000
34.000000 27.572009 0.000000
35.000000 27.572009 0.000000
36.000000 27.572009 0.000000
37.000000 27.572009 0.000000
38.000000 27.572009 0.000000
39.000000 27.572009 0.000000
40.000000 27.572009 0.000000
41.000000 27.572009 0.000000
42.000000 27.572009 0.000000
43.000000 27.572009 0.000000
44.000000 27.572009 0.000000
45.000000 27.572009 0.000000
46.000000 27.572009 0.000000
47.000000 27.572009 0.000000
48.000000 27.572009 0.000000
49.000000 27.572009 0.000000
50.000000 27.572009 0.000000
51.000000 27.572009 0.000000
52.000000 27.572009 0.000000
53.000000 27.572009 0.000000
54.000000 27.572009 0.000000
55.000000 27.572009 0.000000
56.000000 27.572009 0.000000
57.000000 27.572009 0.000000
58.000000 27.572009 0.000000
59.000000 27.572009 0.000000
60.000000 27.572009 0.000000
61.000000 27.572009 0.000000
62.000000 27.572009 0.000000
63.000000 27.572009 0.000000
64.000000 27.572009 0.000000
65.000000 27.572009 0.000000
66.000000 27.572009 0.000000
67.000000 27.572009 0.000000
68.000000 27.572009 0.000000
69.000000 27.572009 0.000000
70.000000 27.572009 0.000000
71.000000 27.572009 0.000000
72.000000 27.572009 0.000000
73.000000 27.572009 0.000000
74.000000 27.572009 0.000000
75.000000 27.572009 0.000000
76.000000 27.572009 0.000000
77.000000 27.572009 0.000000
78.000000 27.572009 0.000000
79.000000 27.572009 0.000000
80.000000 27.572009 0.000000
81.000000 27.572009 0.000000
82.000000 27.572009 0.000000
83.000000 27.572009 0.000000
84.000000 27.572009 0.000000
85.000000 27.572009 0.000000
86.000000 27.572009 0.000000
87.000000 27.572009 -0.176985
88.000000 27.572009 -0.987876
89.000000 27.572009 -1.366540
90.000000 27.572009 -1.747103
91.000000 27.572009 -2.129580
92.000000 27.572009 -2.464645
93.000000 27.572009 -2.430243
94.000000 27.572009 -2.395392
95.000000 27.572009 -2.360084
96.000000 27.572009 -2.422508
97.000000 27.572009 -2.728875
98.000000 27.572009 -3.063117
99.000000 27.572009 -3.469864
100.000000 27.572009 -3.879167
101.000000 27.572009 -4.291050
102.000000 27.572009 -4.687963
103.000000 27.572009 -4.752408
104.000000 27.572009 -4.817263
105.000000 27.572009 -4.882532
106.000000 27.572009 -4.948219
107.000000 27.572009 -5.014328
108.000000 27.572009 -5.121734
109.000000 27.572009 -5.239843
110.000000 27.572009 -5.250126
111.000000 27.572009 -5.187959
112.000000 27.572009 -5.125456
113.000000 27.572009 -5.062612
114.000000 27.572009 -4.999425
115.000000 27.572009 -4.935892
116.000000 27.572009 -4.872011
117.000000 27.572009 -4.807778
118.000000 27.572009 -4.743191
119.000000 27.572009 -4.705405
120.000000 27.572009 -4.726062
121.000000 27.572009 -4.746796
122.000000 27.572009 -4.767609
123.000000 27.572009 -4.788499
124.000000 27.572009 -4.818989
125.000000 27.572009 -4.849594
126.000000 27.572009 -4.880314
127.000000 27.572009 -4.911151
128.000000 27.572009 -4.942105
129.000000 27.572009 -4.973177
130.000000 27.572009 -5.004367
131.000000 27.572009 -5.035676
132.000000 27.572009 -5.067106
133.000000 27.572009 -5.098818
134.000000 27.572009 -5.132954
135.000000 27.572009 -5.211680
136.000000 27.572009 -5.290636
137.000000 27.572009 -5.369821
138.000000 27.572009 -5.449238
139.000000 27.572009 -5.528887
140.000000 27.572009 -5.608769
141.000000 27.572009 -5.688886
142.000000 27.572009 -5.793009
143.000000 27.572009 -5.904957
144.000000 27.572009 -6.017234
145.000000 27.572009 -6.129843
146.000000 27.572009 -6.242784
147.000000 27.572009 -6.358412
148.000000 27.572009 -6.477041
149.000000 27.572009 -6.596021
150.000000 27.572009 -6.715355
151.000000 27.572009 -6.835044
152.000000 27.572009 -6.955090
153.000000 27.572009 -7.075493
154.000000 27.572009 -7.250997
155.000000 27.572009 -7.435554
156.000000 27.572009 -7.620412
157.000000 27.572009 -7.789676
158.000000 27.572009 -7.830501
159.000000 27.572009 -7.871393
160.000000 27.572009 -7.912351
161.000000 27.572009 -7.953377
162.000000 27.572009 -7.994470
163.000000 27.572009 -8.035631
164.000000 27.572009 -8.076860
165.000000 27.572009 -8.118156
166.000000 27.572009 -8.159520
167.000000 27.572009 -8.200953
168.000000 27.572009 -8.242454
169.000000 27.572009 -8.267903
170.000000 27.572009 -8.277260
171.000000 27.572009 -8.286633
172.000000 27.525908 -8.296021
173.000000 27.479732 -8.305425
174.000000 27.433478 -8.314844
175.000000 27.387148 -8.324279
176.000000 27.340741 -8.333730
177.000000 27.294257 -8.343196
178.000000 27.247695 -8.352678
179.000000 27.201056 -8.362176
180.000000 27.153343 -8.372408
181.000000 27.090221 -8.393707
182.000000 27.027009 -8.415036
183.000000 26.963707 -8.436395
184.000000 26.900316 -8.457784
185.000000 26.836836 -8.479211
186.000000 26.773265 -8.500674
187.000000 26.709605 -8.522168
188.000000 26.645854 -8.543692
189.000000 26.582012 -8.565247
190.000000 26.619580 -8.586833
191.000000 26.657201 -8.608449
192.000000 26.694876 -8.630096
193.000000 26.732605 -8.651774
194.000000 26.770387 -8.673483
195.000000 26.808223 -8.695222
196.000000 26.846113 -8.716993
197.000000 26.884057 -8.738795
198.000000 26.922055 -8.760628
199.000000 26.960108 -8.782492
200.000000 26.998215 -8.804387
201.000000 27.036377 -8.826314
202.000000 27.074593 -8.848272
203.000000 27.112864 -8.846932
204.000000 27.151190 -8.822243
205.000000 27.189571 -8.797519
206.000000 27.228008 -8.772760
207.000000 27.254738 -8.756398
208.000000 27.248355 -8.763781
209.000000 27.241968 -8.771169
210.000000 27.235577 -8.778563
211.000000 27.229180 -8.785962
212.000000 27.222779 -8.793366
213.000000 27.216374 -8.800776
214.000000 27.209963 -8.808192
215.000000 27.203548 -8.815612
216.000000 27.197129 -8.823039
217.000000 27.190704 -8.830470
218.000000 27.184275 -8.837908
219.000000 27.177841 -8.845350
220.000000 27.171402 -8.852798
221.000000 27.164959 -8.860252
222.000000 27.158510 -8.867711
223.000000 27.152057 -8.875176
224.000000 27.145600 -8.882646
225.000000 27.139137 -8.890121
226.000000 27.132670 -8.897603
227.000000 27.126198 -8.905089
228.000000 27.119721 -8.912581
229.000000 27.113240 -8.920079
230.000000 27.106753 -8.927582
231.000000 27.100262 -8.935091
232.000000 27.093766 -8.942605
233.000000 27.087266 -8.950125
234.000000 27.080760 -8.957651
235.000000 27.074250 -8.965182
236.000000 27.067735 -8.972718
237.000000 27.061215 -8.980260
238.000000 27.054690 -8.987808
239.000000 27.048160 -8.995361
240.000000 27.041626 -9.002920
241.000000 27.035086 -9.010485
242.000000 27.028542 -9.018055
243.000000 27.021993 -9.025631
244.000000 27.015439 -9.033212
245.000000 27.008881 -9.040799
246.000000 26.997356 -9.051005
247.000000 26.985708 -9.060531
248.000000 26.974051 -9.070064
249.000000 26.962387 -9.079604
250.000000 26.950715 -9.089149
251.000000 26.939036 -9.098701
252.000000 26.927348 -9.108260
253.000000 26.915653 -9.117824
254.000000 26.903950 -9.127395
255.000000 26.892240 -9.136973
256.000000 26.880521 -9.146557
257.000000 26.868795 -9.156147
258.000000 26.857061 -9.165743
259.000000 26.855601 -9.175346
260.000000 26.862221 -9.184956
261.000000 26.868846 -9.194571
262.000000 26.875475 -9.204193
263.000000 26.882109 -9.213822
264.000000 26.888747 -9.223457
265.000000 26.895389 -9.233098
266.000000 26.902036 -9.242746
267.000000 26.908688 -9.252400
268.000000 26.915343 -9.262061
269.000000 26.922003 -9.271728
270.000000 26.928668 -9.281402
271.000000 26.935337 -9.291082
272.000000 26.942011 -9.300769
273.000000 26.948689 -9.310462
274.000000 26.955371 -9.320161
275.000000 26.962058 -9.329867
276.000000 26.968750 -9.339580
277.000000 26.975446 -9.349299
278.000000 26.982146 -9.359024
279.000000 26.988851 -9.368756
280.000000 26.995560 -9.378495
281.000000 27.002274 -9.388240
282.000000 27.008993 -9.388288
283.000000 27.015716 -9.384561
284.000000 27.022443 -9.380832
285.000000 27.029175 -9.377100
286.000000 27.035911 -9.373366
287.000000 27.042652 -9.369629
288.000000 27.049398 -9.365889
289.000000 27.056148 -9.362148
290.000000 27.062903 -9.358403
291.000000 27.069662 -9.354656
292.000000 27.076425 -9.350907
293.000000 27.083194 -9.347155
294.000000 27.089966 -9.343400
295.000000 27.096744 -9.339643
296.000000 27.103526 -9.335884
297.000000 27.110312 -9.332122
298.000000 27.117103 -9.328357
299.000000 27.116769 -9.329675
300.000000 27.104702 -9.339364
301.000000 27.092630 -9.349055
302.000000 27.080553 -9.358751
303.000000 27.068472 -9.368450
304.000000 27.056386 -9.378153
305.000000 27.044296 -9.387859
306.000000 27.032201 -9.397570
307.000000 27.020101 -9.407284
308.000000 27.007997 -9.417001
309.000000 26.995888 -9.426722
310.000000 26.983775 -9.436447
311.000000 26.971657 -9.446176
312.000000 26.959535 -9.455908
313.000000 26.947407 -9.465644
314.000000 26.935276 -9.475384
315.000000 26.923140 -9.485127
316.000000 26.910999 -9.494874
317.000000 26.898853 -9.504625
318.000000 26.886703 -9.514379
319.000000 26.874548 -9.524137
320.000000 26.862389 -9.533899
321.000000 26.850225 -9.543665
322.000000 26.838057 -9.553434
323.000000 26.825884 -9.563207
324.000000 26.813706 -9.572984
325.000000 26.801523 -9.582764
326.000000 26.789336 -9.592548
327.000000 26.777145 -9.602336
328.000000 26.764948 -9.612127
329.000000 26.752748 -9.621923
330.000000 26.740542 -9.631722
331.000000 26.728332 -9.641524
332.000000 26.716117 -9.651331
333.000000 26.703897 -9.661141
334.000000 26.691673 -9.670955
335.000000 26.679445 -9.680772
336.000000 26.667211 -9.690594
337.000000 26.654973 -9.700419
338.000000 26.642730 -9.710248
339.000000 26.630483 -9.720080
340.000000 26.618231 -9.729916
341.000000 26.605974 -9.739757
342.000000 26.593713 -9.749600
343.000000 26.581447 -9.759448
344.000000 26.569176 -9.769299
345.000000 26.556900 -9.779154
346.000000 26.544620 -9.789013
347.000000 26.532335 -9.798876
348.000000 26.520046 -9.808742
349.000000 26.507752 -9.818612
350.000000 26.495453 -9.828486
351.000000 26.483149 -9.838364
352.000000 26.470841 -9.848245
353.000000 26.458528 -9.858130
354.000000 26.446210 -9.868019
355.000000 26.433888 -9.877912
356.000000 26.421561 -9.887809
357.000000 26.421608 -9.888886
358.000000 26.422293 -9.889509
359.000000 26.424452 -9.890132
360.000000 26.429605 -9.890755
361.000000 26.434762 -9.891379
362.000000 26.439921 -9.892004
363.000000 26.445084 -9.889635
364.000000 26.450249 -9.886515
365.000000 26.455418 -9.883394
366.000000 26.460589 -9.880271
367.000000 26.465764 -9.877147
368.000000 26.470942 -9.874020
369.000000 26.476123 -9.870892
370.000000 26.481306 -9.867761
371.000000 26.486493 -9.864629
372.000000 26.491683 -9.861495
373.000000 26.496876 -9.858360
374.000000 26.502073 -9.855222
375.000000 26.507272 -9.852082
376.000000 26.512474 -9.848941
377.000000 26.517679 -9.845798
378.000000 26.522888 -9.842653
379.000000 26.528099 -9.839506
380.000000 26.533314 -9.836357
381.000000 26.538531 -9.833206
382.000000 26.543752 -9.830053
383.000000 26.548976 -9.826899
384.000000 26.554203 -9.823743
385.000000 26.559433 -9.820585
386.000000 26.564666 -9.817425
387.000000 26.569903 -9.814263
388.000000 26.575142 -9.811099
389.000000 26.580384 -9.807933
390.000000 26.585630 -9.804766
391.000000 26.590879 -9.801596
392.000000 26.596131 -9.798425
393.000000 26.601385 -9.795252
394.000000 26.606644 -9.792076
395.000000 26.611905 -9.788899
396.000000 26.617169 -9.785721
397.000000 26.622437 -9.782540
398.000000 26.627707 -9.779357
399.000000 26.632981 -9.776173
400.000000 26.638258 -9.772986
401.000000 26.643538 -9.769798
402.000000 26.648821 -9.766608
403.000000 26.654107 -9.763415
404.000000 26.659397 -9.760221
405.000000 26.664689 -9.757025
406.000000 26.668373 -9.754976
407.000000 26.664764 -9.758123
408.000000 26.661153 -9.761271
409.000000 26.657540 -9.764421
410.000000 26.653926 -9.767572
411.000000 26.650310 -9.770725
412.000000 26.646692 -9.773879
413.000000 26.643073 -9.777035
414.000000 26.639452 -9.780192
415.000000 26.635829 -9.783350
416.000000 26.632205 -9.786510
417.000000 26.628579 -9.789671
418.000000 26.624951 -9.792834
419.000000 26.621322 -9.795998
420.000000 26.617691 -9.799164
421.000000 26.614059 -9.802331
422.000000 26.610425 -9.805500
423.000000 26.606789 -9.808670
424.000000 26.603151 -9.811841
425.000000 26.599512 -9.815014
426.000000 26.595871 -9.818189
427.000000 26.592228 -9.821365
428.000000 26.588584 -9.824542
429.000000 26.584938 -9.827721
430.000000 26.581291 -9.830901
431.000000 26.577641 -9.834083
432.000000 26.573991 -9.837266
433.000000 26.570338 -9.840450
434.000000 26.566684 -9.843636
435.000000 26.563028 -9.846824
436.000000 26.559370 -9.850013
437.000000 26.555711 -9.853203
438.000000 26.552050 -9.856395
439.000000 26.548387 -9.859589
440.000000 26.544723 -9.862783
441.000000 26.541057 -9.865980
442.000000 26.537389 -9.869177
443.000000 26.533720 -9.872377
444.000000 26.530049 -9.875577
445.000000 26.526376 -9.878780
446.000000 26.522701 -9.881983
447.000000 26.519025 -9.885188
448.000000 26.515347 -9.888395
449.000000 26.511668 -9.891603
450.000000 26.507986 -9.894813
451.000000 26.504304 -9.898024
452.000000 26.500619 -9.901236
453.000000 26.496933 -9.904450
454.000000 26.493245 -9.907666
455.000000 26.489555 -9.910883
456.000000 26.484474 -9.914101
457.000000 26.474989 -9.917321
458.000000 26.465499 -9.920543
459.000000 26.456005 -9.923766
460.000000 26.446507 -9.926990
461.000000 26.437005 -9.930216
462.000000 26.427498 -9.933443
463.000000 26.417986 -9.936672
464.000000 26.408471 -9.939903
465.000000 26.398950 -9.943135
466.000000 26.389426 -9.946368
467.000000 26.379897 -9.949603
468.000000 26.370364 -9.952839
469.000000 26.360826 -9.956077
470.000000 26.351284 -9.959316
471.000000 26.343405 -9.961369
472.000000 26.351230 -9.954607
473.000000 26.359062 -9.952899
474.000000 26.366899 -9.951190
475.000000 26.374742 -9.949480
476.000000 26.382591 -9.947768
477.000000 26.390446 -9.946055
478.000000 26.398306 -9.944341
479.000000 26.406173 -9.942626
480.000000 26.414045 -9.940909
481.000000 26.421923 -9.939191
482.000000 26.429807 -9.937472
483.000000 26.437696 -9.935752
484.000000 26.445592 -9.934030
485.000000 26.453493 -9.932307
486.000000 26.461400 -9.930582
487.000000 26.469314 -9.928857
488.000000 26.477233 -9.927130
489.000000 26.485157 -9.925402
490.000000 26.493088 -9.923672
491.000000 26.501025 -9.921942
492.000000 26.508967 -9.920210
493.000000 26.516916 -9.918476
494.000000 26.524870 -9.916742
495.000000 26.532830 -9.915006
496.000000 26.540797 -9.913269
497.000000 26.548769 -9.911530
498.000000 26.556747 -9.909791
499.000000 26.564731 -9.908050
500.000000 26.572721 -9.906307
501.000000 26.580717 -9.904564
502.000000 26.588719 -9.902819
503.000000 26.596727 -9.901072
504.000000 26.604741 -9.899325
505.000000 26.612760 -9.897576
506.000000 26.620786 -9.895826
507.000000 26.628818 -9.894074
508.000000 26.636856 -9.892322
509.000000 26.644900 -9.890567
510.000000 26.652950 -9.888812
511.000000 26.661006 -9.887055
512.000000 26.669068 -9.885297
513.000000 26.677136 -9.883538
514.000000 26.685210 -9.881777
515.000000 26.693290 -9.880015
516.000000 26.701376 -9.878252
517.000000 26.709658 -9.876352
518.000000 26.718981 -9.873715
519.000000 26.728311 -9.871076
520.000000 26.737648 -9.868435
521.000000 26.746993 -9.865792
522.000000 26.756345 -9.863147
523.000000 26.765703 -9.860500
524.000000 26.775070 -9.857851
525.000000 26.784443 -9.855200
526.000000 26.793824 -9.852547
527.000000 26.803211 -9.849891
528.000000 26.812607 -9.847234
529.000000 26.822009 -9.844575
530.000000 26.831419 -9.841913
531.000000 26.840836 -9.839250
532.000000 26.850260 -9.836584
533.000000 26.859691 -9.833917
534.000000 26.869130 -9.831247
535.000000 26.878576 -9.828575
536.000000 26.888030 -9.825901
537.000000 26.897491 -9.823225
538.000000 26.906959 -9.820547
539.000000 26.916434 -9.817867
540.000000 26.925917 -9.815185
541.000000 26.935407 -9.812501
542.000000 26.944905 -9.809814
543.000000 26.954410 -9.807126
544.000000 26.963923 -9.807329
545.000000 26.973442 -9.809382
546.000000 26.982970 -9.811438
547.000000 26.992504 -9.813494
548.000000 27.002046 -9.815553
549.000000 27.011596 -9.817613
550.000000 27.021153 -9.819674
551.000000 27.030717 -9.821737
552.000000 27.040289 -9.823802
553.000000 27.049868 -9.825869
554.000000 27.059455 -9.827937
555.000000 27.069050 -9.830006
556.000000 27.078651 -9.832077
557.000000 27.088261 -9.834150
558.000000 27.097878 -9.836225
559.000000 27.107502 -9.838301
560.000000 27.117134 -9.840379
561.000000 27.126773 -9.842458
562.000000 27.136420 -9.844539
563.000000 27.146075 -9.846622
564.000000 27.155737 -9.848706
565.000000 27.165407 -9.850792
566.000000 27.175084 -9.852879
567.000000 27.180931 -9.857689
568.000000 27.180623 -9.866867
569.000000 27.180315 -9.876050
570.000000 27.180007 -9.885240
571.000000 27.179699 -9.894435
572.000000 27.179390 -9.903636
573.000000 27.163783 -9.912842
574.000000 27.142214 -9.922055
575.000000 27.120632 -9.931273
576.000000 27.099037 -9.940497
577.000000 27.077427 -9.949727
578.000000 27.055805 -9.958963
579.000000 27.034168 -9.968204
580.000000 27.012518 -9.977451
581.000000 26.990854 -9.986705
582.000000 26.969177 -9.995964
583.000000 26.947486 -10.005229
584.000000 26.925781 -10.014499
585.000000 26.904062 -10.023776
586.000000 26.882330 -10.033058
587.000000 26.860584 -10.042346
588.000000 26.838824 -10.051641
589.000000 26.817051 -10.060941
590.000000 26.795264 -10.070247
591.000000 26.773463 -10.079558
592.000000 26.751648 -10.088876
593.000000 26.729819 -10.098200
594.000000 26.707977 -10.107529
595.000000 26.686121 -10.116865
596.000000 26.664250 -10.126206
597.000000 26.642367 -10.135553
598.000000 26.620469 -10.144906
599.000000 26.598557 -10.154265
600.000000 26.576631 -10.163630
601.000000 26.554692 -10.173001
602.000000 26.532738 -10.182378
603.000000 26.510771 -10.191761
604.000000 26.488789 -10.201150
605.000000 26.466794 -10.210545
606.000000 26.444785 -10.219946
607.000000 26.422761 -10.229352
608.000000 26.400724 -10.238765
609.000000 26.378673 -10.248184
610.000000 26.356607 -10.257609
611.000000 26.334528 -10.267039
612.000000 26.312434 -10.276476
613.000000 26.290327 -10.285919
614.000000 26.268205 -10.295368
615.000000 26.246069 -10.304822
616.000000 26.223919 -10.314283
617.000000 26.211470 -10.316512
618.000000 26.205121 -10.314196
619.000000 26.198766 -10.311877
620.000000 26.192406 -10.309557
621.000000 26.186040 -10.307234
622.000000 26.179668 -10.304909
623.000000 26.173291 -10.302583
624.000000 26.166908 -10.300254
625.000000 26.160519 -10.297923
626.000000 26.154124 -10.295590
627.000000 26.147724 -10.293255
628.000000 26.141318 -10.290918
629.000000 26.134907 -10.288578
630.000000 26.128489 -10.286237
631.000000 26.122066 -10.283894
632.000000 26.115638 -10.281548
633.000000 26.109203 -10.279200
634.000000 26.102763 -10.276851
635.000000 26.096317 -10.274499
636.000000 26.088999 -10.272145
637.000000 26.076358 -10.269789
638.000000 26.063705 -10.267431
639.000000 26.051041 -10.265070
640.000000 26.038366 -10.262708
641.000000 26.025679 -10.260343
642.000000 26.012981 -10.257977
643.000000 26.000271 -10.255608
644.000000 25.987550 -10.253237
645.000000 25.974818 -10.250864
646.000000 25.962074 -10.248489
647.000000 25.949318 -10.246111
648.000000 25.936551 -10.243732
649.000000 25.923773 -10.241350
650.000000 25.910983 -10.238967
651.000000 25.898181 -10.236581
652.000000 25.885368 -10.234193
653.000000 25.872543 -10.231802
654.000000 25.859707 -10.229410
655.000000 25.846859 -10.227015
656.000000 25.834000 -10.224619
657.000000 25.821129 -10.222220
658.000000 25.808246 -10.219819
659.000000 25.795352 -10.217416
660.000000 25.782446 -10.215010
661.000000 25.769528 -10.212603
662.000000 25.756598 -10.210193
663.000000 25.743657 -10.207781
664.000000 25.730704 -10.205367
665.000000 25.717739 -10.202950
666.000000 25.704763 -10.200532
667.000000 25.691774 -10.198111
668.000000 25.678774 -10.195688
669.000000 25.665762 -10.193263
670.000000 25.652815 -10.190781
671.000000 25.644859 -10.184721
672.000000 25.636895 -10.178654
673.000000 25.628923 -10.172581
674.000000 25.620943 -10.166503
675.000000 25.612955 -10.160418
676.000000 25.604960 -10.154327
677.000000 25.596956 -10.148231
678.000000 25.588944 -10.142128
679.000000 25.580925 -10.136019
680.000000 25.572897 -10.129904
681.000000 25.564862 -10.123783
682.000000 25.556818 -10.117655
683.000000 25.548767 -10.111522
684.000000 25.540707 -10.105383
685.000000 25.532639 -10.099237
686.000000 25.524564 -10.093085
687.000000 25.516480 -10.086927
688.000000 25.508728 -10.080763
689.000000 25.511963 -10.074593
690.000000 25.515202 -10.068417
691.000000 25.518443 -10.060934
692.000000 25.521688 -10.052577
693.000000 25.524936 -10.044211
694.000000 25.528188 -10.035837
695.000000 25.531443 -10.027455
696.000000 25.534701 -10.019064
697.000000 25.537962 -10.010664
698.000000 25.541227 -10.002257
699.000000 25.544495 -9.993840
700.000000 25.547766 -9.985416
701.000000 25.551040 -9.976983
702.000000 25.554318 -9.968541
703.000000 25.557599 -9.960091
704.000000 25.560883 -9.951632
705.000000 25.564171 -9.943165
706.000000 25.567462 -9.934689
707.000000 25.570756 -9.926205
708.000000 25.574054 -9.917712
709.000000 25.577355 -9.909211
710.000000 25.580659 -9.900701
711.000000 25.583967 -9.892182
712.000000 25.587278 -9.883655
713.000000 25.590592 -9.875119
714.000000 25.593910 -9.866574
715.000000 25.597231 -9.858021
716.000000 25.600555 -9.849459
717.000000 25.603883 -9.840889
718.000000 25.607214 -9.832309
719.000000 25.610549 -9.823721
720.000000 25.613887 -9.815125
721.000000 25.617228 -9.806519
722.000000 25.620573 -9.797905
723.000000 25.623921 -9.789282
724.000000 25.627272 -9.780650
725.000000 25.630627 -9.772010
726.000000 25.633986 -9.763360
727.000000 25.637347 -9.754702
728.000000 25.635332 -9.749901
729.000000 25.629543 -9.747804
730.000000 25.623749 -9.745705
731.000000 25.617950 -9.743604
732.000000 25.612146 -9.741502
733.000000 25.606337 -9.739398
734.000000 25.600523 -9.737292
735.000000 25.594704 -9.735184
736.000000 25.588879 -9.733074
737.000000 25.583050 -9.730963
738.000000 25.577215 -9.728849
739.000000 25.571375 -9.726734
740.000000 25.565531 -9.724617
741.000000 25.559681 -9.722498
742.000000 25.553825 -9.720377
743.000000 25.547965 -9.718254
744.000000 25.542099 -9.716129
745.000000 25.536229 -9.714003
746.000000 25.530353 -9.711874
747.000000 25.526614 -9.709744
748.000000 25.525490 -9.707612
749.000000 25.524365 -9.705478
750.000000 25.523239 -9.703342
751.000000 25.522112 -9.701204
752.000000 25.520984 -9.699065
753.000000 25.519855 -9.696923
754.000000 25.518725 -9.694779
755.000000 25.517594 -9.692634
756.000000 25.516463 -9.690487
757.000000 25.515330 -9.688338
758.000000 25.514196 -9.686187
759.000000 25.513061 -9.684034
760.000000 25.511925 -9.681879
761.000000 25.510788 -9.679722
762.000000 25.509650 -9.677563
763.000000 25.508511 -9.675403
764.000000 25.507371 -9.673240
765.000000 25.506230 -9.671076
766.000000 25.505088 -9.668909
767.000000 25.503945 -9.666741
768.000000 25.502801 -9.664571
769.000000 25.501656 -9.662398
770.000000 25.500510 -9.660224
771.000000 25.499363 -9.658048
772.000000 25.498215 -9.655870
773.000000 25.497066 -9.653690
774.000000 25.495916 -9.651508
775.000000 25.494765 -9.652187
776.000000 25.493612 -9.654775
777.000000 25.492459 -9.657366
778.000000 25.491305 -9.659958
779.000000 25.490150 -9.662554
780.000000 25.488993 -9.665151
781.000000 25.487836 -9.667751
782.000000 25.486678 -9.670353
783.000000 25.485518 -9.672957
784.000000 25.484358 -9.675564
785.000000 25.485463 -9.676542
786.000000 25.498390 -9.669012
787.000000 25.511331 -9.661474
788.000000 25.524287 -9.653927
789.000000 25.537257 -9.646372
790.000000 25.550242 -9.638809
791.000000 25.563242 -9.631237
792.000000 25.576256 -9.623656
793.000000 25.589285 -9.616067
794.000000 25.602328 -9.608469
795.000000 25.615387 -9.600863
796.000000 25.632293 -9.593248
797.000000 25.649793 -9.585625
798.000000 25.667312 -9.577993
799.000000 25.684850 -9.570352
800.000000 25.702409 -9.562703
801.000000 25.719987 -9.555045
802.000000 25.737586 -9.547378
803.000000 25.755204 -9.539703
804.000000 25.772842 -9.532019
805.000000 25.790500 -9.524326
806.000000 25.808178 -9.516625
807.000000 25.825877 -9.508914
808.000000 25.843595 -9.501196
809.000000 25.861334 -9.493468
810.000000 25.879093 -9.485731
811.000000 25.896871 -9.477986
812.000000 25.914671 -9.470232
813.000000 25.932490 -9.462469
814.000000 25.950330 -9.454697
815.000000 25.968190 -9.446916
816.000000 25.986071 -9.439127
817.000000 26.003972 -9.431328
818.000000 26.021893 -9.423521
819.000000 26.039835 -9.415705
820.000000 26.057797 -9.407879
821.000000 26.075780 -9.400045
822.000000 26.093784 -9.392202
823.000000 26.111808 -9.384350
824.000000 26.129853 -9.376489
825.000000 26.147918 -9.368619
826.000000 26.166004 -9.360739
827.000000 26.184111 -9.352851
828.000000 26.202239 -9.344954
829.000000 26.220388 -9.337047
830.000000 26.238557 -9.329132
831.000000 26.256748 -9.321207
832.000000 26.274959 -9.313274
833.000000 26.293192 -9.305331
834.000000 26.311445 -9.297379
835.000000 26.329720 -9.289418
836.000000 26.348015 -9.281447
837.000000 26.366332 -9.273468
838.000000 26.384670 -9.265479
839.000000 26.397885 -9.261173
840.000000 26.407098 -9.259742
841.000000 26.416309 -9.258309
842.000000 26.425530 -9.256875
843.000000 26.434759 -9.255440
844.000000 26.443999 -9.254003
845.000000 26.453247 -9.257144
846.000000 26.462505 -9.260687
847.000000 26.471772 -9.264233
848.000000 26.481049 -9.267783
849.000000 26.490335 -9.271336
850.000000 26.499631 -9.274894
851.000000 26.508936 -9.278454
852.000000 26.518251 -9.282019
853.000000 26.527575 -9.285587
854.000000 26.536908 -9.289158
855.000000 26.546251 -9.292734
856.000000 26.555604 -9.296313
857.000000 26.564966 -9.299895
858.000000 26.574338 -9.303481
859.000000 26.583719 -9.307071
860.000000 26.593110 -9.310665
861.000000 26.602511 -9.314262
862.000000 26.611921 -9.317863
863.000000 26.621341 -9.321468
864.000000 26.630770 -9.325076
865.000000 26.640209 -9.328688
866.000000 26.649658 -9.332304
867.000000 26.659116 -9.335923
868.000000 26.668584 -9.339546
869.000000 26.678062 -9.343173
870.000000 26.687550 -9.346804
871.000000 26.697047 -9.350438
872.000000 26.705978 -9.354076
873.000000 26.686644 -9.357718
874.000000 26.667290 -9.361364
875.000000 26.647916 -9.365013
876.000000 26.628522 -9.368666
877.000000 26.609108 -9.372323
878.000000 26.589674 -9.375983
879.000000 26.570220 -9.379648
880.000000 26.550745 -9.383316
881.000000 26.531251 -9.386988
882.000000 26.511737 -9.390664
883.000000 26.492202 -9.394343
884.000000 26.472647 -9.398027
885.000000 26.453072 -9.401714
886.000000 26.433477 -9.405405
887.000000 26.413861 -9.409100
888.000000 26.394225 -9.412798
889.000000 26.374569 -9.416501
890.000000 26.354892 -9.420207
891.000000 26.335195 -9.423918
892.000000 26.315477 -9.427632
893.000000 26.295739 -9.431350
894.000000 26.275980 -9.435071
895.000000 26.256200 -9.438797
896.000000 26.236400 -9.442527
897.000000 26.216580 -9.446260
898.000000 26.196739 -9.449997
899.000000 26.175926 -9.453739
900.000000 26.160028 -9.452874
901.000000 26.158686 -9.441546
902.000000 26.157342 -9.430203
903.000000 26.155997 -9.418844
904.000000 26.154650 -9.407469
905.000000 26.153301 -9.396078
906.000000 26.151950 -9.384672
907.000000 26.150597 -9.373250
908.000000 26.149242 -9.361812
909.000000 26.147886 -9.350358
910.000000 26.146527 -9.338889
911.000000 26.145167 -9.327403
912.000000 26.143805 -9.315902
913.000000 26.142440 -9.304384
914.000000 26.141074 -9.292851
915.000000 26.139719 -9.281302
916.000000 26.138365 -9.270709
917.000000 26.137008 -9.262734
918.000000 26.135650 -9.254747
919.000000 26.134289 -9.246749
920.000000 26.132927 -9.238741
921.000000 26.131563 -9.230721
922.000000 26.130197 -9.222690
923.000000 26.128829 -9.214647
924.000000 26.127459 -9.206593
925.000000 26.126087 -9.198528
926.000000 26.124714 -9.190452
927.000000 26.123338 -9.182365
928.000000 26.121961 -9.174266
929.000000 26.120581 -9.166155
930.000000 26.119200 -9.158034
931.000000 26.117816 -9.149901
932.000000 26.116431 -9.141756
933.000000 26.115044 -9.133600
934.000000 26.113654 -9.125432
935.000000 26.114232 -9.117253
936.000000 26.129262 -9.109063
937.000000 26.144313 -9.100861
938.000000 26.159385 -9.092647
939.000000 26.174478 -9.084421
940.000000 26.189593 -9.076184
941.000000 26.204729 -9.067936
942.000000 26.219886 -9.059675
943.000000 26.235065 -9.051403
944.000000 26.250266 -9.043119
945.000000 26.265488 -9.034824
946.000000 26.280732 -9.026516
947.000000 26.295998 -9.018197
948.000000 26.311285 -9.009866
949.000000 26.326594 -9.001523
950.000000 26.335488 -8.997805
951.000000 26.338817 -8.998099
952.000000 26.342150 -8.998393
953.000000 26.345488 -8.998687
954.000000 26.348829 -8.998982
955.000000 26.352175 -8.999277
956.000000 26.355525 -8.999572
957.000000 26.358879 -8.999868
958.000000 26.362238 -9.000164
959.000000 26.365600 -9.000461
960.000000 26.368967 -9.000758
961.000000 26.377565 -9.001055
962.000000 26.387482 -9.001353
963.000000 26.397412 -9.001651
964.000000 26.407353 -9.001949
965.000000 26.417307 -9.002248
966.000000 26.427274 -9.002547
967.000000 26.437253 -9.002846
968.000000 26.447244 -9.003146
969.000000 26.457248 -9.003447
970.000000 26.467265 -9.003747
971.000000 26.477294 -9.004048
972.000000 26.487335 -9.004350
973.000000 26.497390 -9.004651
974.000000 26.507456 -9.004953
975.000000 26.517536 -9.005256
976.000000 26.527628 -9.005559
977.000000 26.537733 -9.005862
978.000000 26.547850 -9.006166
979.000000 26.557980 -9.008605
980.000000 26.568123 -9.013273
981.000000 26.578279 -9.017945
982.000000 26.588447 -9.022624
983.000000 26.598628 -9.027309
984.000000 26.608823 -9.032000
985.000000 26.619030 -9.036696
986.000000 26.629250 -9.041399
987.000000 26.639482 -9.046107
988.000000 26.649728 -9.050822
989.000000 26.659987 -9.055542
990.000000 26.670259 -9.060268
991.000000 26.680543 -9.065001
992.000000 26.689936 -9.069739
993.000000 26.698737 -9.074484
994.000000 26.707549 -9.079234
995.000000 26.716373 -9.083990
996.000000 26.725207 -9.088753
997.000000 26.734053 -9.093521
998.000000 26.742910 -9.098296
999.000000 26.751778 -9.103077
1000.000000 26.760658 -9.107863
1001.000000 26.769549 -9.112656
1002.000000 26.778451 -9.117455
1003.000000 26.787365 -9.122261
1004.000000 26.801373 -9.123429
1005.000000 26.815725 -9.124366
1006.000000 26.830096 -9.125305
1007.000000 26.844488 -9.126244
1008.000000 26.858898 -9.127185
1009.000000 26.873329 -9.128128
1010.000000 26.887779 -9.129071
1011.000000 26.902249 -9.130016
1012.000000 26.916739 -9.130963
1013.000000 26.931249 -9.131910
1014.000000 26.945778 -9.132859
1015.000000 26.960328 -9.133809
1016.000000 26.974898 -9.134761
1017.000000 26.989487 -9.135713
1018.000000 27.004097 -9.136667
1019.000000 27.018727 -9.137623
1020.000000 27.033377 -9.138579
1021.000000 27.048047 -9.139537
1022.000000 27.062738 -9.140497
1023.000000 27.077449 -9.141457
1024.000000 27.092180 -9.142419
1025.000000 27.106931 -9.143383
1026.000000 27.116204 -9.144347
1027.000000 27.122654 -9.145313
1028.000000 27.129114 -9.146281
1029.000000 27.135582 -9.147249
1030.000000 27.142060 -9.148219
1031.000000 27.148546 -9.149191
1032.000000 27.155041 -9.150163
1033.000000 27.161546 -9.151137
1034.000000 27.168059 -9.152113
1035.000000 27.174582 -9.153090
1036.000000 27.181113 -9.154068
1037.000000 27.187654 -9.155047
1038.000000 27.194204 -9.156028
1039.000000 27.200763 -9.157010
1040.000000 27.207331 -9.157994
1041.000000 27.213908 -9.158088
1042.000000 27.220495 -9.155357
1043.000000 27.227091 -9.152622
1044.000000 27.233696 -9.149884
1045.000000 27.240310 -9.147141
1046.000000 27.246934 -9.144395
1047.000000 27.253567 -9.141645
1048.000000 27.260209 -9.138891
1049.000000 27.266860 -9.136133
1050.000000 27.273534 -9.133372
1051.000000 27.280248 -9.130606
1052.000000 27.286971 -9.127837
1053.000000 27.293704 -9.125063
1054.000000 27.300447 -9.122286
1055.000000 27.307199 -9.119505
1056.000000 27.313960 -9.116720
1057.000000 27.320732 -9.113931
1058.000000 27.327512 -9.111138
1059.000000 27.334303 -9.108341
1060.000000 27.341103 -9.105540
1061.000000 27.342330 -9.106719
1062.000000 27.338194 -9.111729
1063.000000 27.334053 -9.116746
1064.000000 27.329906 -9.121769
1065.000000 27.325754 -9.126799
1066.000000 27.321597 -9.131834
1067.000000 27.317435 -9.136876
1068.000000 27.313268 -9.141925
1069.000000 27.309095 -9.146979
1070.000000 27.304917 -9.152040
1071.000000 27.300734 -9.157107
1072.000000 27.296546 -9.162181
1073.000000 27.292352 -9.167261
1074.000000 27.288154 -9.172347
1075.000000 27.283949 -9.177440
1076.000000 27.279740 -9.182539
1077.000000 27.275525 -9.187645
1078.000000 27.271305 -9.192757
1079.000000 27.267080 -9.197876
1080.000000 27.262849 -9.203000
1081.000000 27.258613 -9.208132
1082.000000 27.254372 -9.213270
1083.000000 27.250125 -9.218414
1084.000000 27.245873 -9.223565
1085.000000 27.241615 -9.228722
1086.000000 27.237352 -9.233886
1087.000000 27.227477 -9.239057
1088.000000 27.215296 -9.244234
1089.000000 27.203101 -9.249418
1090.000000 27.190889 -9.254608
1091.000000 27.178663 -9.259805
1092.000000 27.166421 -9.265008
1093.000000 27.154163 -9.270218
1094.000000 27.141889 -9.275435
1095.000000 27.129600 -9.280658
1096.000000 27.117296 -9.285888
1097.000000 27.104975 -9.291124
1098.000000 27.092639 -9.296368
1099.000000 27.080287 -9.301618
1100.000000 27.067920 -9.306874
1101.000000 27.055536 -9.312138
1102.000000 27.043137 -9.317408
1103.000000 27.030722 -9.322685
1104.000000 27.018291 -9.327969
1105.000000 27.005844 -9.333259
1106.000000 26.993381 -9.338556
1107.000000 26.980902 -9.343860
1108.000000 26.968407 -9.349171
1109.000000 26.955896 -9.354489
1110.000000 26.943369 -9.359813
1111.000000 26.930825 -9.365260
1112.000000 26.918266 -9.372534
1113.000000 26.905691 -9.379817
1114.000000 26.893099 -9.387109
1115.000000 26.880491 -9.394411
1116.000000 26.867867 -9.401723
1117.000000 26.855226 -9.409043
1118.000000 26.842569 -9.416373
1119.000000 26.829896 -9.423713
1120.000000 26.817206 -9.431062
1121.000000 26.804500 -9.438421
1122.000000 26.794612 -9.443765
1123.000000 26.793219 -9.443039
1124.000000 26.791824 -9.442312
1125.000000 26.790427 -9.441584
1126.000000 26.786107 -9.440855
1127.000000 26.780341 -9.440125
1128.000000 26.774567 -9.439393
1129.000000 26.768785 -9.438661
1130.000000 26.762993 -9.437928
1131.000000 26.757193 -9.437193
1132.000000 26.751385 -9.436458
1133.000000 26.745568 -9.435721
1134.000000 26.739742 -9.434983
1135.000000 26.733908 -9.434244
1136.000000 26.728064 -9.433504
1137.000000 26.722213 -9.432763
1138.000000 26.716352 -9.432021
1139.000000 26.710483 -9.431278
1140.000000 26.704605 -9.430533
1141.000000 26.698718 -9.429788
1142.000000 26.692822 -9.429041
1143.000000 26.686917 -9.428293
1144.000000 26.681004 -9.427544
1145.000000 26.675082 -9.426794
1146.000000 26.669151 -9.426043
1147.000000 26.663211 -9.425291
1148.000000 26.657262 -9.424538
1149.000000 26.651304 -9.423783
1150.000000 26.645337 -9.423028
1151.000000 26.639361 -9.422271
1152.000000 26.633376 -9.421513
1153.000000 26.627382 -9.420754
1154.000000 26.621379 -9.419994
1155.000000 26.615367 -9.419232
1156.000000 26.609346 -9.418470
1157.000000 26.603315 -9.417706
1158.000000 26.597276 -9.416941
1159.000000 26.591228 -9.416175
1160.000000 26.585170 -9.415408
1161.000000 26.579103 -9.414640
1162.000000 26.573027 -9.413870
1163.000000 26.566941 -9.413099
1164.000000 26.560847 -9.412328
1165.000000 26.554743 -9.411555
1166.000000 26.548629 -9.410780
1167.000000 26.542507 -9.410005
1168.000000 26.536375 -9.409229
1169.000000 26.530234 -9.408451
1170.000000 26.524083 -9.407672
1171.000000 26.517923 -9.406892
1172.000000 26.511753 -9.406110
1173.000000 26.505574 -9.405328
1174.000000 26.499386 -9.404544
1175.000000 26.493188 -9.403759
1176.000000 26.486981 -9.402973
1177.000000 26.480764 -9.402186
1178.000000 26.474537 -9.401397
1179.000000 26.468301 -9.400608
1180.000000 26.467092 -9.399601
1181.000000 26.466914 -9.398031
1182.000000 26.466735 -9.396459
1183.000000 26.466556 -9.394884
1184.000000 26.466377 -9.393307
1185.000000 26.466198 -9.391727
1186.000000 26.466018 -9.390144
1187.000000 26.465838 -9.388559
1188.000000 26.465658 -9.386971
1189.000000 26.465477 -9.385381
1190.000000 26.465296 -9.383788
1191.000000 26.465115 -9.382193
1192.000000 26.464934 -9.380594
1193.000000 26.464752 -9.378993
1194.000000 26.464570 -9.377390
1195.000000 26.464387 -9.375784
1196.000000 26.464205 -9.374175
1197.000000 26.464022 -9.372563
1198.000000 26.463838 -9.370949
1199.000000 26.463655 -9.369332
1200.000000 26.463471 -9.367713
1201.000000 26.463286 -9.366090
1202.000000 26.463102 -9.364465
1203.000000 26.462917 -9.362838
1204.000000 26.462732 -9.361207
1205.000000 26.462546 -9.359574
1206.000000 26.462361 -9.357938
1207.000000 26.462175 -9.356300
1208.000000 26.461988 -9.354658
1209.000000 26.461801 -9.353014
1210.000000 26.461614 -9.351367
1211.000000 26.461427 -9.349718
1212.000000 26.461239 -9.348065
1213.000000 26.461051 -9.346410
1214.000000 26.460863 -9.344752
1215.000000 26.460675 -9.343091
1216.000000 26.460486 -9.341428
1217.000000 26.460296 -9.339761
1218.000000 26.460107 -9.338092
1219.000000 26.459917 -9.336420
1220.000000 26.459727 -9.334745
1221.000000 26.459536 -9.333068
1222.000000 26.459345 -9.331387
1223.000000 26.459154 -9.329704
1224.000000 26.458963 -9.328018
1225.000000 26.458771 -9.326328
1226.000000 26.458579 -9.324637
1227.000000 26.458386 -9.322942
1228.000000 26.458193 -9.321244
1229.000000 26.458000 -9.319543
1230.000000 26.457807 -9.317840
1231.000000 26.457613 -9.316133
1232.000000 26.457419 -9.314424
1233.000000 26.457225 -9.312712
1234.000000 26.457030 -9.310997
1235.000000 26.456835 -9.309278
1236.000000 26.456639 -9.307557
1237.000000 26.453729 -9.305953
1238.000000 26.446740 -9.306840
1239.000000 26.439739 -9.307728
1240.000000 26.432727 -9.308618
1241.000000 26.425704 -9.309509
1242.000000 26.418669 -9.310402
1243.000000 26.411623 -9.311295
1244.000000 26.404566 -9.312191
1245.000000 26.397497 -9.313088
1246.000000 26.390417 -9.313986
1247.000000 26.383325 -9.314886
1248.000000 26.376222 -9.315787
1249.000000 26.369107 -9.316690
1250.000000 26.361980 -9.317594
1251.000000 26.354842 -9.318500
1252.000000 26.347693 -9.319407
1253.000000 26.340532 -9.320315
1254.000000 26.333359 -9.321225
1255.000000 26.326174 -9.322137
1256.000000 26.318977 -9.323050
1257.000000 26.311769 -9.323964
1258.000000 26.304549 -9.324881
1259.000000 26.297317 -9.325798
1260.000000 26.290074 -9.326717
1261.000000 26.282818 -9.327638
1262.000000 26.275551 -9.328560
1263.000000 26.268271 -9.329483
1264.000000 26.260980 -9.330408
1265.000000 26.253677 -9.331335
1266.000000 26.246361 -9.332263
1267.000000 26.239034 -9.333193
1268.000000 26.231694 -9.334124
1269.000000 26.224342 -9.335057
1270.000000 26.216978 -9.335991
1271.000000 26.209602 -9.336927
1272.000000 26.202214 -9.337864
1273.000000 26.199278 -9.338803
1274.000000 26.196336 -9.339744
1275.000000 26.193390 -9.340686
1276.000000 26.190439 -9.341629
1277.000000 26.187483 -9.342575
1278.000000 26.184522 -9.343521
1279.000000 26.181556 -9.344470
1280.000000 26.178585 -9.345420
1281.000000 26.175609 -9.346371
1282.000000 26.172628 -9.347324
1283.000000 26.169642 -9.348279
1284.000000 26.166652 -9.349235
1285.000000 26.163656 -9.350193
1286.000000 26.160655 -9.351153
1287.000000 26.157649 -9.352114
1288.000000 26.154638 -9.353076
1289.000000 26.151622 -9.354041
1290.000000 26.148601 -9.355007
1291.000000 26.145575 -9.355974
1292.000000 26.142544 -9.355411
1293.000000 26.139508 -9.354575
1294.000000 26.136467 -9.353739
1295.000000 26.133420 -9.352900
1296.000000 26.130368 -9.352061
1297.000000 26.127311 -9.351220
1298.000000 26.125535 -9.349453
1299.000000 26.131662 -9.342001
1300.000000 26.137800 -9.334535
1301.000000 26.143950 -9.327055
1302.000000 26.150111 -9.319562
1303.000000 26.156283 -9.312054
1304.000000 26.162466 -9.304533
1305.000000 26.168661 -9.296998
1306.000000 26.174868 -9.289449
1307.000000 26.181086 -9.281886
1308.000000 26.187315 -9.274309
1309.000000 26.193556 -9.266718
1310.000000 26.199809 -9.259113
1311.000000 26.207506 -9.251493
1312.000000 26.225729 -9.243860
1313.000000 26.243987 -9.236212
1314.000000 26.262279 -9.228550
1315.000000 26.280605 -9.220873
1316.000000 26.298965 -9.213183
1317.000000 26.317360 -9.205478
1318.000000 26.335789 -9.197758
1319.000000 26.354252 -9.190024
1320.000000 26.372750 -9.182276
1321.000000 26.391283 -9.174512
1322.000000 26.409851 -9.166735
1323.000000 26.428454 -9.158943
1324.000000 26.447092 -9.151136
1325.000000 26.465764 -9.143314
1326.000000 26.484472 -9.135477
1327.000000 26.503216 -9.127626
1328.000000 26.521995 -9.119760
1329.000000 26.540809 -9.111879
1330.000000 26.559659 -9.103983
1331.000000 26.578545 -9.096073
1332.000000 26.597466 -9.088147
1333.000000 26.616424 -9.080206
1334.000000 26.635417 -9.072250
1335.000000 26.654447 -9.064279
1336.000000 26.673513 -9.056292
1337.000000 26.692615 -9.048291
1338.000000 26.711753 -9.040274
1339.000000 26.730929 -9.032242
1340.000000 26.750140 -9.024194
1341.000000 26.769389 -9.016132
1342.000000 26.788675 -9.008053
1343.000000 26.807997 -8.999960
1344.000000 26.827357 -8.991850
1345.000000 26.846753 -8.983725
1346.000000 26.866187 -8.975585
1347.000000 26.885659 -8.967429
1348.000000 26.896530 -8.965454
1349.000000 26.892700 -8.974034
1350.000000 26.888865 -8.982628
1351.000000 26.885024 -8.991236
1352.000000 26.881176 -8.999856
1353.000000 26.877323 -9.008491
1354.000000 26.873463 -9.017139
1355.000000 26.869598 -9.025800
1356.000000 26.865726 -9.034475
1357.000000 26.861849 -9.043164
1358.000000 26.857965 -9.051866
1359.000000 26.854075 -9.060582
1360.000000 26.850179 -9.068117
1361.000000 26.849364 -9.074560
1362.000000 26.854821 -9.081014
1363.000000 26.860287 -9.087477
1364.000000 26.865761 -9.093951
1365.000000 26.871243 -9.100435
1366.000000 26.876735 -9.106929
1367.000000 26.882235 -9.113433
1368.000000 26.887744 -9.119948
1369.000000 26.893261 -9.126473
1370.000000 26.898787 -9.133008
1371.000000 26.904323 -9.139554
1372.000000 26.909866 -9.146110
1373.000000 26.915419 -9.152677
1374.000000 26.920980 -9.159254
1375.000000 26.926551 -9.165841
1376.000000 26.932130 -9.172439
1377.000000 26.937718 -9.179048
1378.000000 26.943315 -9.185667
1379.000000 26.948921 -9.192297
1380.000000 26.954536 -9.198937
1381.000000 26.960160 -9.205588
1382.000000 26.965793 -9.212249
1383.000000 26.971435 -9.218921
1384.000000 26.977086 -9.225604
1385.000000 26.982746 -9.232298
1386.000000 26.988415 -9.239002
1387.000000 26.994093 -9.245717
1388.000000 26.999780 -9.252443
1389.000000 27.005477 -9.259180
1390.000000 27.011183 -9.265927
1391.000000 27.016898 -9.272686
1392.000000 27.022622 -9.279455
1393.000000 27.028355 -9.286236
1394.000000 27.034098 -9.293027
1395.000000 27.039850 -9.299829
1396.000000 27.045611 -9.306642
1397.000000 27.051382 -9.313467
1398.000000 27.057161 -9.320302
1399.000000 27.062951 -9.327148
1400.000000 27.068749 -9.334006
1401.000000 27.074558 -9.340875
1402.000000 27.080375 -9.347755
1403.000000 27.086202 -9.354646
1404.000000 27.092039 -9.361548
1405.000000 27.097885 -9.368462
1406.000000 27.117355 -9.365680
1407.000000 27.137578 -9.362381
1408.000000 27.157839 -9.359077
1409.000000 27.178137 -9.355766
1410.000000 27.198473 -9.352449
1411.000000 27.218848 -9.349126
1412.000000 27.239137 -9.345796
1413.000000 27.255479 -9.342461
1414.000000 27.271852 -9.339119
1415.000000 27.288256 -9.335771
1416.000000 27.304690 -9.332416
1417.000000 27.321155 -9.329055
1418.000000 27.337652 -9.327514
1419.000000 27.354179 -9.327240
1420.000000 27.370737 -9.326966
1421.000000 27.387327 -9.326691
1422.000000 27.403947 -9.326415
1423.000000 27.420599 -9.326139
1424.000000 27.437283 -9.325862
1425.000000 27.453998 -9.325585
1426.000000 27.470745 -9.325307
1427.000000 27.487524 -9.325029
1428.000000 27.504334 -9.324750
1429.000000 27.521176 -9.324471
1430.000000 27.538050 -9.324191
1431.000000 27.554957 -9.323911
1432.000000 27.571895 -9.323630
1433.000000 27.588866 -9.323349
1434.000000 27.605869 -9.323067
1435.000000 27.622905 -9.322784
1436.000000 27.639973 -9.322501
1437.000000 27.657074 -9.322217
1438.000000 27.674208 -9.321933
1439.000000 27.691374 -9.321649
1440.000000 27.708574 -9.321363
1441.000000 27.725806 -9.321078
1442.000000 27.743072 -9.320791
1443.000000 27.760370 -9.320505
1444.000000 27.777702 -9.320217
1445.000000 27.795068 -9.319929
1446.000000 27.812467 -9.319641
1447.000000 27.829899 -9.319352
1448.000000 27.847366 -9.319062
1449.000000 27.864866 -9.318772
1450.000000 27.882400 -9.318481
1451.000000 27.899968 -9.318190
1452.000000 27.917570 -9.317898
1453.000000 27.935206 -9.317605
1454.000000 27.952877 -9.317312
1455.000000 27.970582 -9.317019
1456.000000 27.988321 -9.316725
1457.000000 28.006095 -9.316430
1458.000000 28.023904 -9.316134
1459.000000 28.041748 -9.315839
1460.000000 28.059626 -9.315542
1461.000000 28.077539 -9.315245
1462.000000 28.095488 -9.314947
1463.000000 28.113472 -9.314649
1464.000000 28.131491 -9.314350
1465.000000 28.140871 -9.314051
1466.000000 28.141588 -9.313751
1467.000000 28.143494 -9.312609
1468.000000 28.145939 -9.311087
1469.000000 28.148388 -9.309562
1470.000000 28.150842 -9.308034
1471.000000 28.153301 -9.306503
1472.000000 28.155766 -9.304968
1473.000000 28.158235 -9.303431
1474.000000 28.160709 -9.302012
1475.000000 28.163188 -9.300627
1476.000000 28.165672 -9.299239
1477.000000 28.168161 -9.297848
1478.000000 28.170655 -9.296455
1479.000000 28.173154 -9.295058
1480.000000 28.175658 -9.293659
1481.000000 28.178168 -9.292257
1482.000000 28.180682 -9.290852
1483.000000 28.183201 -9.289444
1484.000000 28.185726 -9.288034
1485.000000 28.188256 -9.286620
1486.000000 28.190790 -9.285204
1487.000000 28.193330 -9.283785
1488.000000 28.195876 -9.282363
1489.000000 28.198426 -9.280938
1490.000000 28.200982 -9.279510
1491.000000 28.203542 -9.278079
1492.000000 28.206108 -9.276645
1493.000000 28.208680 -9.275209
1494.000000 28.211256 -9.273769
1495.000000 28.213838 -9.272326
1496.000000 28.216425 -9.270881
1497.000000 28.219018 -9.269432
1498.000000 28.221616 -9.267981
1499.000000 28.224219 -9.266526
1500.000000 28.226827 -9.265069
1501.000000 28.229441 -9.263608
1502.000000 28.232061 -9.262145
1503.000000 28.234686 -9.260678
1504.000000 28.237316 -9.259209
1505.000000 28.239952 -9.257736
1506.000000 28.242593 -9.256260
1507.000000 28.245239 -9.254781
1508.000000 28.247892 -9.253300
1509.000000 28.250549 -9.251815
1510.000000 28.253213 -9.250326
1511.000000 28.255881 -9.248835
1512.000000 28.258556 -9.247341
1513.000000 28.262657 -9.245844
1514.000000 28.268732 -9.244343
1515.000000 28.274820 -9.242839
1516.000000 28.280920 -9.241333
1517.000000 28.287036 -9.239820
1518.000000 28.293166 -9.255004
1519.000000 28.299309 -9.270389
1520.000000 28.305464 -9.285806
1521.000000 28.311633 -9.301256
1522.000000 28.317814 -9.316738
1523.000000 28.324009 -9.332253
1524.000000 28.330217 -9.347801
1525.000000 28.336438 -9.363382
1526.000000 28.342672 -9.378996
1527.000000 28.348919 -9.394643
1528.000000 28.355180 -9.410323
1529.000000 28.361453 -9.426037
1530.000000 28.367741 -9.441784
1531.000000 28.374041 -9.457565
1532.000000 28.380356 -9.473379
1533.000000 28.386683 -9.489227
1534.000000 28.393024 -9.505110
1535.000000 28.399379 -9.521026
1536.000000 28.405748 -9.536976
1537.000000 28.412130 -9.552961
1538.000000 28.418525 -9.568980
1539.000000 28.424935 -9.585033
1540.000000 28.431358 -9.601121
1541.000000 28.437796 -9.617243
1542.000000 28.444247 -9.633401
1543.000000 28.450712 -9.649593
1544.000000 28.457191 -9.665820
1545.000000 28.463684 -9.682083
1546.000000 28.470191 -9.698380
1547.000000 28.476712 -9.714713
1548.000000 28.483247 -9.731082
1549.000000 28.489797 -9.747486
1550.000000 28.496361 -9.763926
1551.000000 28.502939 -9.780401
1552.000000 28.509531 -9.796913
1553.000000 28.516138 -9.813461
1554.000000 28.522760 -9.830044
1555.000000 28.529395 -9.846665
1556.000000 28.536046 -9.863321
1557.000000 28.542711 -9.880014
1558.000000 28.549390 -9.896799
1559.000000 28.556085 -9.913676
1560.000000 28.562794 -9.930590
1561.000000 28.569517 -9.947541
1562.000000 28.575894 -9.964529
1563.000000 28.577476 -9.981555
1564.000000 28.579060 -9.998619
1565.000000 28.580648 -10.015721
1566.000000 28.579061 -10.035084
1567.000000 28.559440 -10.067103
1568.000000 28.539781 -10.099182
1569.000000 28.520086 -10.131322
1570.000000 28.500353 -10.163523
1571.000000 28.480583 -10.195785
1572.000000 28.460775 -10.228108
1573.000000 28.440930 -10.260492
1574.000000 28.421047 -10.292938
1575.000000 28.401126 -10.325446
1576.000000 28.381167 -10.358015
1577.000000 28.361171 -10.390647
1578.000000 28.341136 -10.423340
1579.000000 28.321063 -10.456097
1580.000000 28.300951 -10.488915
1581.000000 28.280801 -10.521797
1582.000000 28.260613 -10.554741
1583.000000 28.240385 -10.587749
1584.000000 28.220119 -10.620820
1585.000000 28.199814 -10.653954
1586.000000 28.179470 -10.687152
1587.000000 28.159087 -10.720414
1588.000000 28.138665 -10.753740
1589.000000 28.118203 -10.787130
1590.000000 28.097702 -10.820585
1591.000000 28.077161 -10.854104
1592.000000 28.056581 -10.858863
1593.000000 28.035960 -10.855961
1594.000000 28.015300 -10.853053
1595.000000 27.994600 -10.850139
1596.000000 27.973859 -10.847220
1597.000000 27.953079 -10.844295
1598.000000 27.932257 -10.841364
1599.000000 27.911396 -10.838428
1600.000000 27.890493 -10.835486
1601.000000 27.869550 -10.832539
1602.000000 27.848566 -10.829585
1603.000000 27.827541 -10.826626
1604.000000 27.804891 -10.823661
1605.000000 27.771583 -10.820690
1606.000000 27.738209 -10.817713
1607.000000 27.704770 -10.814731
1608.000000 27.671266 -10.811743
1609.000000 27.637695 -10.808748
1610.000000 27.604059 -10.805748
1611.000000 27.570356 -10.802742
1612.000000 27.538987 -10.798052
1613.000000 27.516591 -10.787030
1614.000000 27.494147 -10.775984
1615.000000 27.471654 -10.764915
1616.000000 27.449113 -10.753822
1617.000000 27.426523 -10.742704
1618.000000 27.403884 -10.731563
1619.000000 27.381196 -10.720397
1620.000000 27.358459 -10.709208
1621.000000 27.335672 -10.697994
1622.000000 27.312836 -10.686755
1623.000000 27.289950 -10.675492
1624.000000 27.267014 -10.664205
1625.000000 27.244029 -10.652893
1626.000000 27.220993 -10.641556
1627.000000 27.197907 -10.630195
1628.000000 27.174770 -10.618808
1629.000000 27.151583 -10.607397
1630.000000 27.128344 -10.595961
1631.000000 27.105055 -10.584500
1632.000000 27.081715 -10.573013
1633.000000 27.058323 -10.561501
1634.000000 27.034880 -10.549964
1635.000000 27.011385 -10.538401
1636.000000 26.987838 -10.526813
1637.000000 26.964239 -10.515199
1638.000000 26.940588 -10.503560
1639.000000 26.916884 -10.491895
1640.000000 26.893128 -10.480203
1641.000000 26.898061 -10.468486
1642.000000 26.903005 -10.456743
1643.000000 26.907960 -10.444974
1644.000000 26.912926 -10.433179
1645.000000 26.917903 -10.421357
1646.000000 26.922891 -10.409509
1647.000000 26.927891 -10.397634
1648.000000 26.932901 -10.385733
1649.000000 26.937923 -10.373805
1650.000000 26.942956 -10.361998
1651.000000 26.948000 -10.350259
1652.000000 26.953056 -10.338494
1653.000000 26.958123 -10.326702
1654.000000 26.963201 -10.314883
1655.000000 26.968291 -10.303038
1656.000000 26.973392 -10.291166
1657.000000 26.978505 -10.279268
1658.000000 26.980097 -10.269838
1659.000000 26.972134 -10.267143
1660.000000 26.964155 -10.264443
1661.000000 26.956158 -10.261736
1662.000000 26.948146 -10.259025
1663.000000 26.940117 -10.256308
1664.000000 26.932071 -10.253585
1665.000000 26.924008 -10.250856
1666.000000 26.915929 -10.248122
1667.000000 26.907833 -10.245382
1668.000000 26.899720 -10.242637
1669.000000 26.891591 -10.239885
1670.000000 26.883444 -10.237128
1671.000000 26.875280 -10.234366
1672.000000 26.867100 -10.231597
1673.000000 26.858902 -10.228823
1674.000000 26.850687 -10.226043
1675.000000 26.842455 -10.223257
1676.000000 26.834206 -10.220465
1677.000000 26.825940 -10.217668
1678.000000 26.817656 -10.214864
1679.000000 26.809354 -10.212055
1680.000000 26.801036 -10.209240
1681.000000 26.792699 -10.206419
1682.000000 26.784345 -10.203591
1683.000000 26.775974 -10.200758
1684.000000 26.767585 -10.197919
1685.000000 26.759178 -10.195074
1686.000000 26.750753 -10.192223
1687.000000 26.742311 -10.189366
1688.000000 26.733850 -10.186503
1689.000000 26.725372 -10.183633
1690.000000 26.716875 -10.180758
1691.000000 26.708361 -10.177877
1692.000000 26.699828 -10.174989
1693.000000 26.691277 -10.172095
1694.000000 26.688709 -10.169195
1695.000000 26.687195 -10.166289
1696.000000 26.685678 -10.163377
1697.000000 26.684158 -10.160458
1698.000000 26.682635 -10.157911
1699.000000 26.681108 -10.156433
1700.000000 26.681624 -10.153502
1701.000000 26.693748 -10.142331
1702.000000 26.705902 -10.131134
1703.000000 26.718084 -10.119911
1704.000000 26.730295 -10.108660
1705.000000 26.742535 -10.097383
1706.000000 26.754804 -10.086080
1707.000000 26.767102 -10.074749
1708.000000 26.779430 -10.063391
1709.000000 26.791787 -10.052006
1710.000000 26.804174 -10.040594
1711.000000 26.816591 -10.029154
1712.000000 26.829037 -10.017687
1713.000000 26.841513 -10.006193
1714.000000 26.854019 -9.994671
1715.000000 26.866555 -9.983121
1716.000000 26.879122 -9.971543
1717.000000 26.891719 -9.959937
1718.000000 26.904346 -9.948304
1719.000000 26.917004 -9.936642
1720.000000 26.929692 -9.924952
1721.000000 26.942411 -9.913233
1722.000000 26.955161 -9.901486
1723.000000 26.967942 -9.889711
1724.000000 26.980754 -9.877907
1725.000000 26.993598 -9.866074
1726.000000 27.006472 -9.854212
1727.000000 27.019378 -9.842322
1728.000000 27.032316 -9.830402
1729.000000 27.045285 -9.818453
1730.000000 27.058287 -9.806475
1731.000000 27.071320 -9.794467
1732.000000 27.084385 -9.782430
1733.000000 27.097482 -9.770364
1734.000000 27.110611 -9.758267
1735.000000 27.123773 -9.746141
1736.000000 27.136968 -9.733985
1737.000000 27.150195 -9.721798
1738.000000 27.163454 -9.709582
1739.000000 27.176747 -9.697335
1740.000000 27.206037 -9.685058
1741.000000 27.238908 -9.673084
1742.000000 27.271862 -9.661562
1743.000000 27.304897 -9.650010
1744.000000 27.338015 -9.638430
1745.000000 27.371215 -9.626821
1746.000000 27.398924 -9.619138
1747.000000 27.405701 -9.626332
1748.000000 27.412492 -9.633540
1749.000000 27.419297 -9.640763
1750.000000 27.426117 -9.648002
1751.000000 27.432951 -9.655255
1752.000000 27.439800 -9.662524
1753.000000 27.446662 -9.669808
1754.000000 27.453539 -9.677108
1755.000000 27.460431 -9.684423
1756.000000 27.467337 -9.691753
1757.000000 27.474258 -9.699098
1758.000000 27.481193 -9.706459
1759.000000 27.488143 -9.713836
1760.000000 27.495107 -9.721228
1761.000000 27.502087 -9.728636
1762.000000 27.509081 -9.736060
1763.000000 27.516090 -9.743499
1764.000000 27.523114 -9.750954
1765.000000 27.530152 -9.758425
1766.000000 27.537206 -9.765912
1767.000000 27.544275 -9.773415
1768.000000 27.551359 -9.780934
1769.000000 27.558458 -9.788469
1770.000000 27.565572 -9.796020
1771.000000 27.572701 -9.803587
1772.000000 27.579846 -9.811170
1773.000000 27.587006 -9.818770
1774.000000 27.594181 -9.826386
1775.000000 27.601372 -9.834018
1776.000000 27.608578 -9.841667
1777.000000 27.615800 -9.849332
1778.000000 27.623037 -9.857014
1779.000000 27.630290 -9.864712
1780.000000 27.637558 -9.872427
1781.000000 27.644843 -9.880158
1782.000000 27.652143 -9.887907
1783.000000 27.659459 -9.895672
1784.000000 27.666790 -9.903454
1785.000000 27.674138 -9.911252
1786.000000 27.681501 -9.919068
1787.000000 27.688881 -9.926901
1788.000000 27.696277 -9.934751
1789.000000 27.703689 -9.942618
1790.000000 27.711117 -9.950502
1791.000000 27.718561 -9.958403
1792.000000 27.725338 -9.966804
1793.000000 27.719253 -9.984557
1794.000000 27.706390 -10.011787
1795.000000 27.693499 -10.039074
1796.000000 27.680581 -10.066421
1797.000000 27.667635 -10.093827
1798.000000 27.654660 -10.121292
1799.000000 27.641658 -10.148817
1800.000000 27.628627 -10.176401
1801.000000 27.615568 -10.204045
1802.000000 27.602481 -10.231749
1803.000000 27.589365 -10.259513
1804.000000 27.576221 -10.287338
1805.000000 27.563048 -10.315223
1806.000000 27.549846 -10.343170
1807.000000 27.536616 -10.371177
1808.000000 27.523356 -10.399245
1809.000000 27.510068 -10.427375
1810.000000 27.496750 -10.455567
1811.000000 27.483403 -10.483820
1812.000000 27.470027 -10.512135
1813.000000 27.456622 -10.540513
1814.000000 27.443187 -10.568953
1815.000000 27.429722 -10.597456
1816.000000 27.416228 -10.626022
1817.000000 27.402704 -10.654650
1818.000000 27.389150 -10.683342
1819.000000 27.375566 -10.712098
1820.000000 27.361952 -10.740917
1821.000000 27.348308 -10.769800
1822.000000 27.334633 -10.798747
1823.000000 27.320928 -10.827759
1824.000000 27.307193 -10.856835
1825.000000 27.293427 -10.885975
1826.000000 27.279630 -10.915181
1827.000000 27.265802 -10.944452
1828.000000 27.251944 -10.973789
1829.000000 27.238055 -11.003191
1830.000000 27.180665 -11.012076
1831.000000 27.110148 -11.019665
1832.000000 27.039472 -11.027271
1833.000000 26.968638 -11.034895
1834.000000 26.898424 -11.041989
1835.000000 26.832147 -11.046226
1836.000000 26.765716 -11.050473
1837.000000 26.699130 -11.054729
1838.000000 26.632388 -11.058996
1839.000000 26.565489 -11.063273
1840.000000 26.498434 -11.067560
1841.000000 26.431222 -11.071857
1842.000000 26.363852 -11.076163
1843.000000 26.296323 -11.080481
1844.000000 26.228636 -11.084808
1845.000000 26.160789 -11.089145
1846.000000 26.092781 -11.093493
1847.000000 26.024613 -11.097851
1848.000000 25.956284 -11.102219
1849.000000 25.887793 -11.106598
1850.000000 25.819140 -11.110987
1851.000000 25.750323 -11.115386
1852.000000 25.681343 -11.119796
1853.000000 25.612199 -11.124216
1854.000000 25.542890 -11.128647
1855.000000 25.473416 -11.133089
1856.000000 25.403776 -11.137541
1857.000000 25.333969 -11.142003
1858.000000 25.263996 -11.146477
1859.000000 25.198564 -11.150961
1860.000000 25.148759 -11.155456
1861.000000 25.098836 -11.159961
1862.000000 25.048792 -11.164478
1863.000000 24.998627 -11.169005
1864.000000 24.948342 -11.173544
1865.000000 24.897935 -11.178093
1866.000000 24.847406 -11.182653
1867.000000 24.796755 -11.187224
1868.000000 24.745982 -11.191807
1869.000000 24.695085 -11.196400
1870.000000 24.644064 -11.201005
1871.000000 24.592920 -11.205621
1872.000000 24.541651 -11.210248
1873.000000 24.490257 -11.214886
1874.000000 24.438738 -11.219536
1875.000000 24.387092 -11.224197
1876.000000 24.335321 -11.228869
1877.000000 24.283422 -11.233553
1878.000000 24.231396 -11.238248
1879.000000 24.179243 -11.242955
1880.000000 24.126961 -11.247674
1881.000000 24.074551 -11.252404
1882.000000 24.022011 -11.257145
1883.000000 23.969342 -11.261899
1884.000000 23.909748 -11.271530
1885.000000 23.839379 -11.288801
1886.000000 23.775711 -11.306109
1887.000000 23.781299 -11.323456
1888.000000 23.786900 -11.340841
1889.000000 23.792512 -11.358265
1890.000000 23.798137 -11.375726
1891.000000 23.803775 -11.393226
1892.000000 23.809424 -11.410765
1893.000000 23.815087 -11.418946
1894.000000 23.820761 -11.414155
1895.000000 23.826449 -11.409353
1896.000000 23.832149 -11.404540
1897.000000 23.837862 -11.399717
1898.000000 23.843587 -11.394883
1899.000000 23.849325 -11.390038
1900.000000 23.855076 -11.385182
1901.000000 23.860840 -11.380316
1902.000000 23.866616 -11.375439
1903.000000 23.872406 -11.370550
1904.000000 23.878208 -11.365651
1905.000000 23.884024 -11.360741
1906.000000 23.889853 -11.355820
1907.000000 23.895694 -11.350887
1908.000000 23.901549 -11.345944
1909.000000 23.907417 -11.340990
1910.000000 23.913298 -11.336024
1911.000000 23.919193 -11.331047
1912.000000 23.925100 -11.326059
1913.000000 23.931021 -11.321060
1914.000000 23.936956 -11.316049
1915.000000 23.942904 -11.311027
1916.000000 23.948865 -11.305994
1917.000000 23.954840 -11.300949
1918.000000 23.960829 -11.295893
1919.000000 23.966831 -11.290825
1920.000000 23.972847 -11.285745
1921.000000 23.978877 -11.280655
1922.000000 23.984920 -11.275552
1923.000000 23.990977 -11.270438
1924.000000 23.997049 -11.265312
1925.000000 24.003134 -11.260174
1926.000000 24.009233 -11.255024
1927.000000 24.015346 -11.249863
1928.000000 24.021473 -11.244690
1929.000000 24.027614 -11.239505
1930.000000 24.039029 -11.230543
1931.000000 24.057175 -11.216763
1932.000000 24.075367 -11.202948
1933.000000 24.093605 -11.189098
1934.000000 24.111888 -11.175214
1935.000000 24.130217 -11.161294
1936.000000 24.148593 -11.147340
1937.000000 24.167014 -11.133350
1938.000000 24.185414 -11.119325
1939.000000 24.203782 -11.105265
1940.000000 24.222196 -11.091169
1941.000000 24.240657 -11.077038
1942.000000 24.259165 -11.062870
1943.000000 24.277720 -11.048667
1944.000000 24.296322 -11.034427
1945.000000 24.314971 -11.020151
1946.000000 24.333668 -11.005839
1947.000000 24.352413 -10.991490
1948.000000 24.371205 -10.977105
1949.000000 24.390046 -10.962683
1950.000000 24.408935 -10.948224
1951.000000 24.427873 -10.933727
1952.000000 24.446859 -10.919194
1953.000000 24.465893 -10.904623
1954.000000 24.484977 -10.890015
1955.000000 24.504111 -10.875369
1956.000000 24.523293 -10.860685
1957.000000 24.542525 -10.845963
1958.000000 24.561807 -10.831203
1959.000000 24.581139 -10.816405
1960.000000 24.600521 -10.804988
1961.000000 24.619954 -10.794623
1962.000000 24.639437 -10.784232
1963.000000 24.658971 -10.773813
1964.000000 24.678555 -10.763367
1965.000000 24.698191 -10.752894
1966.000000 24.717879 -10.742393
1967.000000 24.737617 -10.731865
1968.000000 24.757408 -10.721309
1969.000000 24.777251 -10.710725
1970.000000 24.797146 -10.700114
1971.000000 24.817093 -10.689475
1972.000000 24.837093 -10.678807
1973.000000 24.857145 -10.668112
1974.000000 24.877251 -10.657388
1975.000000 24.897410 -10.646636
1976.000000 24.917622 -10.635855
1977.000000 24.937888 -10.625046
1978.000000 24.958207 -10.614208
1979.000000 24.978581 -10.603341
1980.000000 24.999009 -10.592445
1981.000000 25.014558 -10.581520
1982.000000 25.025208 -10.570566
1983.000000 25.035886 -10.559583
1984.000000 25.046592 -10.548570
1985.000000 25.057328 -10.537528
1986.000000 25.068092 -10.526456
1987.000000 25.078885 -10.515354
1988.000000 25.089708 -10.504222
1989.000000 25.100559 -10.493060
1990.000000 25.111440 -10.481868
1991.000000 25.117401 -10.474187
1992.000000 25.102257 -10.481599
1993.000000 25.087078 -10.489029
1994.000000 25.071865 -10.496475
1995.000000 25.056616 -10.503938
1996.000000 25.041332 -10.511419
1997.000000 25.026014 -10.518917
1998.000000 25.010659 -10.526432
1999.000000 24.995270 -10.533964
2000.000000 24.979844 -10.541514
2001.000000 24.964383 -10.549081
2002.000000 24.948887 -10.556666
2003.000000 24.933354 -10.564268
2004.000000 24.917785 -10.571888
2005.000000 24.902180 -10.579526
2006.000000 24.886539 -10.587182
2007.000000 24.870861 -10.594855
2008.000000 24.855146 -10.602547
2009.000000 24.839395 -10.610256
2010.000000 24.823607 -10.617983
2011.000000 24.807782 -10.625729
2012.000000 24.791920 -10.633492
2013.000000 24.776021 -10.641274
2014.000000 24.760085 -10.649074
2015.000000 24.744110 -10.656893
2016.000000 24.728099 -10.664729
2017.000000 24.712275 -10.672585
2018.000000 24.697024 -10.678831
2019.000000 24.681737 -10.684549
2020.000000 24.666413 -10.690280
2021.000000 24.651054 -10.696025
2022.000000 24.635658 -10.701784
2023.000000 24.620225 -10.707556
2024.000000 24.604756 -10.713342
2025.000000 24.589250 -10.719142
2026.000000 24.573707 -10.724955
2027.000000 24.558127 -10.730783
2028.000000 24.542510 -10.736624
2029.000000 24.526855 -10.742479
2030.000000 24.511163 -10.748349
2031.000000 24.495433 -10.754232
2032.000000 24.479665 -10.760130
2033.000000 24.463860 -10.766041
2034.000000 24.448016 -10.771967
2035.000000 24.432135 -10.777907
2036.000000 24.416215 -10.783862
2037.000000 24.400256 -10.789831
2038.000000 24.384259 -10.795814
2039.000000 24.368224 -10.801812
2040.000000 24.352149 -10.807825
2041.000000 24.336035 -10.813852
2042.000000 24.319883 -10.819893
2043.000000 24.303691 -10.825949
2044.000000 24.287459 -10.832021
2045.000000 24.271188 -10.838106
2046.000000 24.254877 -10.844207
2047.000000 24.238526 -10.850323
2048.000000 24.222136 -10.856453
2049.000000 24.205705 -10.862599
2050.000000 24.189234 -10.868760
2051.000000 24.172722 -10.874936
2052.000000 24.156170 -10.881127
2053.000000 24.135290 -10.890410
2054.000000 24.114036 -10.899948
2055.000000 24.092732 -10.909509
2056.000000 24.071377 -10.919093
2057.000000 24.049971 -10.928699
2058.000000 24.028513 -10.938329
2059.000000 24.007003 -10.947982
2060.000000 23.985442 -10.957658
2061.000000 23.963829 -10.967358
2062.000000 23.966408 -10.977081
2063.000000 23.976659 -10.986827
2064.000000 23.986935 -10.996597
2065.000000 23.997236 -11.006391
2066.000000 24.007562 -11.016208
2067.000000 24.017912 -11.026050
2068.000000 24.028288 -11.035915
2069.000000 24.038690 -11.045804
2070.000000 24.049116 -11.055717
2071.000000 24.059568 -11.065655
2072.000000 24.070046 -11.075617
2073.000000 24.080549 -11.085603
2074.000000 24.091078 -11.095614
2075.000000 24.101633 -11.105649
2076.000000 24.112214 -11.115709
2077.000000 24.122821 -11.125793
2078.000000 24.133453 -11.135903
2079.000000 24.144112 -11.146037
2080.000000 24.154798 -11.156196
2081.000000 24.165510 -11.166381
2082.000000 24.176248 -11.176591
2083.000000 24.187013 -11.183604
2084.000000 24.197804 -11.189186
2085.000000 24.208623 -11.194781
2086.000000 24.219468 -11.200391
2087.000000 24.230340 -11.206014
2088.000000 24.241240 -11.211652
2089.000000 24.252166 -11.217303
2090.000000 24.263120 -11.222969
2091.000000 24.274101 -11.228649
2092.000000 24.285110 -11.234343
2093.000000 24.296146 -11.240051
2094.000000 24.307211 -11.245774
2095.000000 24.318302 -11.251511
2096.000000 24.329422 -11.257262
2097.000000 24.340570 -11.263028
2098.000000 24.351746 -11.268809
2099.000000 24.362950 -11.274604
2100.000000 24.374183 -11.280414
2101.000000 24.385444 -11.286238
2102.000000 24.396734 -11.292078
2103.000000 24.408052 -11.297932
2104.000000 24.419399 -11.303801
2105.000000 24.430775 -11.309685
2106.000000 24.442184 -11.315584
2107.000000 24.454033 -11.321498
2108.000000 24.465912 -11.327427
2109.000000 24.477822 -11.333371
2110.000000 24.492292 -11.337529
2111.000000 24.509233 -11.339964
2112.000000 24.526220 -11.342406
2113.000000 24.543252 -11.344854
2114.000000 24.560329 -11.347309
2115.000000 24.577452 -11.349770
2116.000000 24.594620 -11.352238
2117.000000 24.611834 -11.354712
2118.000000 24.629094 -11.357193
2119.000000 24.646400 -11.359681
2120.000000 24.663752 -11.362175
2121.000000 24.681151 -11.364676
2122.000000 24.698597 -11.367184
2123.000000 24.716089 -11.369698
2124.000000 24.733629 -11.372219
2125.000000 24.751216 -11.374747
2126.000000 24.768850 -11.377282
2127.000000 24.786532 -11.379824
2128.000000 24.804262 -11.382372
2129.000000 24.822040 -11.384928
2130.000000 24.839866 -11.387490
2131.000000 24.857741 -11.390060
2132.000000 24.875664 -11.392636
2133.000000 24.893636 -11.395219
2134.000000 24.911658 -11.397810
2135.000000 24.929728 -11.400407
2136.000000 24.947848 -11.403012
2137.000000 24.966017 -11.405624
2138.000000 24.984237 -11.407307
2139.000000 25.002506 -11.406908
2140.000000 25.020826 -11.406509
2141.000000 25.039196 -11.406109
2142.000000 25.057617 -11.405707
2143.000000 25.076089 -11.405304
2144.000000 25.094612 -11.404901
2145.000000 25.113186 -11.404496
2146.000000 25.131812 -11.404090
2147.000000 25.150490 -11.403682
2148.000000 25.169219 -11.403274
2149.000000 25.188001 -11.402865
2150.000000 25.206835 -11.402454
2151.000000 25.225721 -11.402042
2152.000000 25.244661 -11.401630
2153.000000 25.263653 -11.401216
2154.000000 25.282699 -11.400800
2155.000000 25.301799 -11.400384
2156.000000 25.320952 -11.399967
2157.000000 25.340159 -11.399548
2158.000000 25.359420 -11.399128
2159.000000 25.378736 -11.398707
2160.000000 25.398106 -11.398285
2161.000000 25.417531 -11.397861
2162.000000 25.437012 -11.397437
2163.000000 25.456547 -11.397011
2164.000000 25.476139 -11.396584
2165.000000 25.495786 -11.396155
2166.000000 25.515489 -11.395726
2167.000000 25.535248 -11.395295
2168.000000 25.555064 -11.394863
2169.000000 25.574937 -11.394430
2170.000000 25.594867 -11.393996
2171.000000 25.613700 -11.399348
2172.000000 25.638034 -11.422097
2173.000000 25.662424 -11.444900
2174.000000 25.686873 -11.467757
2175.000000 25.711379 -11.490668
2176.000000 25.735943 -11.513633
2177.000000 25.760565 -11.536652
2178.000000 25.785246 -11.559726
2179.000000 25.809985 -11.582855
2180.000000 25.834783 -11.606038
2181.000000 25.859640 -11.629277
2182.000000 25.884556 -11.652572
2183.000000 25.909531 -11.675921
2184.000000 25.934566 -11.699327
2185.000000 25.959661 -11.722788
2186.000000 25.984817 -11.746306
2187.000000 26.010032 -11.769880
2188.000000 26.035308 -11.793510
2189.000000 26.060645 -11.817198
2190.000000 26.086042 -11.840942
2191.000000 26.111501 -11.864743
2192.000000 26.137021 -11.888602
2193.000000 26.162603 -11.912519
2194.000000 26.188246 -11.936493
2195.000000 26.213952 -11.960048
2196.000000 26.239719 -11.983269
2197.000000 26.265550 -12.006547
2198.000000 26.291443 -12.029881
2199.000000 26.317399 -12.053272
2200.000000 26.343418 -12.076720
2201.000000 26.369501 -12.100224
2202.000000 26.395647 -12.123787
2203.000000 26.421857 -12.147407
2204.000000 26.448131 -12.171084
2205.000000 26.474470 -12.194820
2206.000000 26.500873 -12.218614
2207.000000 26.527341 -12.242466
2208.000000 26.553874 -12.266377
2209.000000 26.580473 -12.290347
2210.000000 26.607137 -12.314376
2211.000000 26.633866 -12.338464
2212.000000 26.660662 -12.362611
2213.000000 26.687524 -12.386819
2214.000000 26.714453 -12.411086
2215.000000 26.741448 -12.435413
2216.000000 26.768510 -12.459801
2217.000000 26.795640 -12.484250
2218.000000 26.822837 -12.508759
2219.000000 26.850102 -12.533330
2220.000000 26.877435 -12.557961
2221.000000 26.904836 -12.582655
2222.000000 26.932306 -12.607410
2223.000000 26.959845 -12.632227
2224.000000 26.987452 -12.657106
2225.000000 27.015129 -12.682048
2226.000000 27.042876 -12.707052
2227.000000 27.070692 -12.732119
2228.000000 27.098579 -12.757250
2229.000000 27.126535 -12.782444
2230.000000 27.154563 -12.807701
2231.000000 27.182661 -12.833023
2232.000000 27.210831 -12.858409
2233.000000 27.213867 -12.901116
2234.000000 27.216654 -12.944089
2235.000000 27.219447 -12.987154
2236.000000 27.222247 -13.030311
2237.000000 27.225052 -13.073561
2238.000000 27.227863 -13.116904
2239.000000 27.230681 -13.160339
2240.000000 27.233504 -13.203869
2241.000000 27.236334 -13.247492
2242.000000 27.239170 -13.291209
2243.000000 27.227284 -13.335020
2244.000000 27.212565 -13.378926
2245.000000 27.197813 -13.422928
2246.000000 27.183030 -13.454815
2247.000000 27.168215 -13.482912
2248.000000 27.153367 -13.511070
2249.000000 27.138488 -13.539290
2250.000000 27.123576 -13.567570
2251.000000 27.108631 -13.595913
2252.000000 27.093654 -13.624317
2253.000000 27.078644 -13.652783
2254.000000 27.063602 -13.681311
2255.000000 27.048526 -13.709901
2256.000000 27.033418 -13.738555
2257.000000 27.018276 -13.767271
2258.000000 27.003101 -13.796050
2259.000000 26.987893 -13.824892
2260.000000 26.972652 -13.853797
2261.000000 26.957376 -13.882767
2262.000000 26.942068 -13.911800
2263.000000 26.926725 -13.940897
2264.000000 26.911349 -13.970058
2265.000000 26.895938 -13.999284
2266.000000 26.880494 -14.028575
2267.000000 26.865015 -14.057930
2268.000000 26.849502 -14.087351
2269.000000 26.833954 -14.116837
2270.000000 26.818372 -14.146388
2271.000000 26.802755 -14.176005
2272.000000 26.787103 -14.205689
2273.000000 26.771417 -14.235438
2274.000000 26.755695 -14.265254
2275.000000 26.739939 -14.295137
2276.000000 26.724147 -14.325086
2277.000000 26.708319 -14.355103
2278.000000 26.692456 -14.385187
2279.000000 26.676558 -14.415338
2280.000000 26.660624 -14.445557
2281.000000 26.644654 -14.475845
2282.000000 26.628647 -14.506200
2283.000000 26.612605 -14.536624
2284.000000 26.596527 -14.567117
2285.000000 26.580412 -14.597679
2286.000000 26.564261 -14.628309
2287.000000 26.548073 -14.659010
2288.000000 26.531848 -14.689780
2289.000000 26.515587 -14.720619
2290.000000 26.499288 -14.751529
2291.000000 26.482953 -14.782510
2292.000000 26.466580 -14.813560
2293.000000 26.450170 -14.844682
2294.000000 26.433722 -14.875875
2295.000000 26.417237 -14.907139
2296.000000 26.400714 -14.938475
2297.000000 26.384153 -14.969883
2298.000000 26.367554 -15.001362
2299.000000 26.350917 -15.032914
2300.000000 26.329614 -15.064539
2301.000000 26.302824 -15.096236
2302.000000 26.275971 -15.128007
2303.000000 26.249057 -15.155172
2304.000000 26.222080 -15.169739
2305.000000 26.199640 -15.181247
2306.000000 26.190961 -15.183499
2307.000000 26.182259 -15.185756
2308.000000 26.173534 -15.188020
2309.000000 26.164786 -15.190289
2310.000000 26.156015 -15.192564
2311.000000 26.147222 -15.194845
2312.000000 26.138405 -15.197133
2313.000000 26.129565 -15.199426
2314.000000 26.120701 -15.201725
2315.000000 26.111815 -15.204030
2316.000000 26.102904 -15.206342
2317.000000 26.093970 -15.208659
2318.000000 26.085013 -15.210983
2319.000000 26.076032 -15.213313
2320.000000 26.067027 -15.215649
2321.000000 26.057998 -15.217991
2322.000000 26.048944 -15.220339
2323.000000 26.039867 -15.222694
2324.000000 26.030766 -15.225055
2325.000000 26.021640 -15.227422
2326.000000 26.012489 -15.229796
2327.000000 26.003315 -15.232176
2328.000000 25.994115 -15.234563
2329.000000 25.984891 -15.236955
2330.000000 25.975642 -15.239355
2331.000000 25.966368 -15.241760
2332.000000 25.957069 -15.244173
2333.000000 25.947745 -15.246591
2334.000000 25.938395 -15.249017
2335.000000 25.929020 -15.251449
2336.000000 25.919620 -15.253887
2337.000000 25.910194 -15.256332
2338.000000 25.900743 -15.258784
2339.000000 25.891266 -15.261243
2340.000000 25.881763 -15.263708
2341.000000 25.872234 -15.266180
2342.000000 25.862679 -15.268658
2343.000000 25.853097 -15.271144
2344.000000 25.843490 -15.273636
2345.000000 25.833856 -15.276135
2346.000000 25.824195 -15.278641
2347.000000 25.814508 -15.281154
2348.000000 25.804794 -15.283674
2349.000000 25.795053 -15.286201
2350.000000 25.785286 -15.288735
2351.000000 25.775491 -15.291276
2352.000000 25.765669 -15.293824
2353.000000 25.755820 -15.296378
2354.000000 25.745943 -15.298941
2355.000000 25.736039 -15.301510
2356.000000 25.726107 -15.304086
2357.000000 25.716148 -15.306670
2358.000000 25.706161 -15.309261
2359.000000 25.695847 -15.311859
2360.000000 25.675856 -15.314464
2361.000000 25.655808 -15.317077
2362.000000 25.635704 -15.319697
2363.000000 25.591037 -15.338844
2364.000000 25.541239 -15.361424
2365.000000 25.491324 -15.384057
2366.000000 25.441291 -15.406744
2367.000000 25.391140 -15.429484
2368.000000 25.340870 -15.452277
2369.000000 25.290482 -15.475125
2370.000000 25.239975 -15.475125
2371.000000 25.189347 -15.475125
2372.000000 25.138600 -15.475125
2373.000000 25.087732 -15.475125
2374.000000 25.036744 -15.475125
2375.000000 24.985634 -15.475125
2376.000000 24.934402 -15.475125
2377.000000 24.883048 -15.475125
2378.000000 24.831571 -15.475125
2379.000000 24.779971 -15.475125
2380.000000 24.728247 -15.475125
2381.000000 24.676399 -15.475125
2382.000000 24.624427 -15.475125
2383.000000 24.572330 -15.475125
2384.000000 24.520108 -15.475125
2385.000000 24.467759 -15.475125
2386.000000 24.415285 -15.475125
2387.000000 24.362684 -15.475125
2388.000000 24.309955 -15.475125
2389.000000 24.257099 -15.475125
2390.000000 24.204115 -15.475125
2391.000000 24.151002 -15.475125
2392.000000 24.097760 -15.475125
2393.000000 24.044389 -15.475125
2394.000000 23.990887 -15.475125
2395.000000 23.937255 -15.475125
2396.000000 23.883492 -15.475125
2397.000000 23.829598 -15.475125
2398.000000 23.775572 -15.475125
2399.000000 23.721413 -15.475125
2400.000000 23.667122 -15.475125
2401.000000 23.612697 -15.475125
2402.000000 23.558138 -15.475125
2403.000000 23.503445 -15.475125
2404.000000 23.448617 -15.475125
2405.000000 23.393653 -15.475125
2406.000000 23.333361 -15.475125
2407.000000 23.272143 -15.475125
2408.000000 23.210773 -15.475125
2409.000000 23.149251 -15.475125
2410.000000 23.087576 -15.475125
2411.000000 23.025747 -15.475125
2412.000000 22.963765 -15.475125
2413.000000 22.901628 -15.475125
2414.000000 22.839336 -15.475125
2415.000000 22.776888 -15.475125
2416.000000 22.714284 -15.475125
2417.000000 22.651522 -15.475125
2418.000000 22.588604 -15.475125
2419.000000 22.525527 -15.475125
2420.000000 22.462292 -15.475125
2421.000000 22.398897 -15.475125
2422.000000 22.335343 -15.475125
2423.000000 22.271628 -15.475125
2424.000000 22.207752 -15.475125
2425.000000 22.143714 -15.475125
2426.000000 22.079514 -15.475125
2427.000000 22.015152 -15.475125
2428.000000 21.950625 -15.475125
2429.000000 21.885934 -15.475125
2430.000000 21.821079 -15.475125
2431.000000 21.756058 -15.475125
2432.000000 21.699223 -15.475125
2433.000000 21.643061 -15.475125
2434.000000 21.586747 -15.475125
2435.000000 21.530281 -15.475125
2436.000000 21.473660 -15.475125
2437.000000 21.416885 -15.475125
2438.000000 21.359956 -15.475125
2439.000000 21.302871 -15.475125
2440.000000 21.245630 -15.475125
2441.000000 21.188232 -15.475125
2442.000000 21.130677 -15.475125
2443.000000 21.072964 -15.475125
2444.000000 21.015092 -15.475125
2445.000000 20.957060 -15.475125
2446.000000 20.898869 -15.475125
2447.000000 20.840517 -15.475125
2448.000000 20.782004 -15.475125
2449.000000 20.723329 -15.475125
2450.000000 20.664491 -15.475125
2451.000000 20.664491 -15.475125
2452.000000 20.664491 -15.475125
2453.000000 20.664491 -15.475125
2454.000000 20.664491 -15.475125
2455.000000 20.664491 -15.475125
2456.000000 20.664491 -15.475125
2457.000000 20.664491 -15.475125
2458.000000 20.664491 -15.475125
2459.000000 20.664491 -15.475125
2460.000000 20.664491 -15.475125
2461.000000 20.664491 -15.475125
2462.000000 20.664491 -15.475125
2463.000000 20.664491 -15.475125
2464.000000 20.664491 -15.475125
2465.000000 20.664491 -15.475125
2466.000000 20.664491 -15.475125
2467.000000 20.664491 -15.475125
2468.000000 20.664491 -15.475125
2469.000000 20.664491 -15.475125
2470.000000 20.664491 -15.475125
2471.000000 20.664491 -15.475125
2472.000000 20.664491 -15.475125
2473.000000 20.664491 -15.475125
2474.000000 20.664491 -15.475125
2475.000000 20.664491 -15.475125
2476.000000 20.664491 -15.475125
2477.000000 20.664491 -15.475125
2478.000000 20.664491 -15.475125
2479.000000 20.664491 -15.475125
2480.000000 20.664491 -15.475125
2481.000000 20.664491 -15.475125
2482.000000 20.664491 -15.475125
2483.000000 20.664491 -15.475125
2484.000000 20.664491 -15.475125
2485.000000 20.664491 -15.475125
2486.000000 20.664491 -15.475125
2487.000000 20.664491 -15.475125
2488.000000 20.664491 -15.475125
2489.000000 20.664491 -15.475125
2490.000000 20.664491 -15.475125
2491.000000 20.664491 -15.475125
2492.000000 20.664491 -15.475125
2493.000000 20.664491 -15.475125
2494.000000 20.664491 -15.475125
2495.000000 20.664491 -15.475125
2496.000000 20.664491 -15.475125
2497.000000 20.664491 -15.475125
2498.000000 20.664491 -15.475125
2499.000000 20.664491 -15.475125
2500.000000 20.664491 -15.475125
2501.000000 20.664491 -15.475125
2502.000000 20.664491 -15.475125
2503.000000 20.664491 -15.475125
2504.000000 20.664491 -15.475125
2505.000000 20.664491 -15.475125
2506.000000 20.664491 -15.475125
2507.000000 20.664491 -15.475125
2508.000000 20.664491 -15.475125
2509.000000 20.664491 -15.475125
2510.000000 20.664491 -15.475125
2511.000000 20.664491 -15.475125
2512.000000 20.664491 -15.475125
2513.000000 20.664491 -15.475125
2514.000000 20.664491 -15.475125
2515.000000 20.664491 -15.475125
2516.000000 20.664491 -15.475125
2517.000000 20.664491 -15.475125
2518.000000 20.664491 -15.475125
2519.000000 20.664491 -15.475125
2520.000000 20.664491 -15.475125
2521.000000 20.664491 -15.475125
2522.000000 20.664491 -15.475125
2523.000000 20.664491 -15.475125
2524.000000 20.664491 -15.475125
2525.000000 20.664491 -15.475125
2526.000000 20.664491 -15.475125
2527.000000 20.664491 -15.475125
2528.000000 20.664491 -15.475125
2529.000000 20.664491 -15.475125
2530.000000 20.664491 -15.475125
2531.000000 20.664491 -15.475125
2532.000000 20.664491 -15.475125
2533.000000 20.664491 -15.475125
2534.000000 20.664491 -15.475125
2535.000000 20.664491 -15.475125
2536.000000 20.664491 -15.475125
2537.000000 20.664491 -15.475125
2538.000000 20.664491 -15.475125
2539.000000 20.664491 -15.475125
2540.000000 20.664491 -15.475125
2541.000000 20.664491 -15.475125
2542.000000 20.664491 -15.475125
2543.000000 20.664491 -15.475125
2544.000000 20.664491 -15.475125
2545.000000 20.664491 -15.475125
2546.000000 20.664491 -15.475125
2547.000000 20.664491 -15.475125
2548.000000 20.664491 -15.475125
2549.000000 20.664491 -15.475125
2550.000000 20.664491 -15.475125
2551.000000 20.664491 -15.475125
2552.000000 20.664491 -15.475125
2553.000000 20.664491 -15.475125
2554.000000 20.664491 -15.475125
2555.000000 20.664491 -15.475125
2556.000000 20.664491 -15.475125
2557.000000 20.664491 -15.475125
2558.000000 20.664491 -15.475125
2559.000000 20.664491 -15.475125
2560.000000 20.664491 -15.475125
2561.000000 20.664491 -15.475125
2562.000000 20.664491 -15.475125
2563.000000 20.664491 -15.475125
2564.000000 20.664491 -15.475125
2565.000000 20.664491 -15.475125
2566.000000 20.664491 -15.475125
2567.000000 20.664491 -15.475125
2568.000000 20.664491 -15.475125
2569.000000 20.664491 -15.475125
2570.000000 20.664491 -15.475125
2571.000000 20.664491 -15.475125
2572.000000 20.664491 -15.475125
2573.000000 20.664491 -15.475125
2574.000000 20.664491 -15.475125
2575.000000 20.664491 -15.475125
2576.000000 20.664491 -15.475125
2577.000000 20.664491 -15.475125
2578.000000 20.664491 -15.475125
2579.000000 20.664491 -15.475125
2580.000000 20.664491 -15.475125
2581.000000 20.664491 -15.475125
2582.000000 20.664491 -15.475125
2583.000000 20.664491 -15.475125
2584.000000 20.664491 -15.475125
2585.000000 20.664491 -15.475125
2586.000000 20.664491 -15.475125
2587.000000 20.664491 -15.475125
2588.000000 20.664491 -15.475125
2589.000000 20.664491 -15.475125
2590.000000 20.664491 -15.475125
2591.000000 20.664491 -15.475125
2592.000000 20.664491 -15.475125
2593.000000 20.664491 -15.475125
2594.000000 20.664491 -15.475125
2595.000000 20.664491 -15.475125
2596.000000 20.664491 -15.475125
2597.000000 20.664491 -15.475125
2598.000000 20.664491 -15.475125
2599.000000 20.664491 -15.475125
2600.000000 20.664491 -15.475125
2601.000000 20.664491 -15.475125
2602.000000 20.664491 -15.475125
2603.000000 20.664491 -15.475125
2604.000000 20.664491 -15.475125
2605.000000 20.664491 -15.475125
2606.000000 20.664491 -15.475125
2607.000000 20.664491 -15.475125
2608.000000 20.664491 -15.475125
2609.000000 20.664491 -15.475125
2610.000000 20.664491 -15.475125
2611.000000 20.664491 -15.475125
2612.000000 20.664491 -15.475125
2613.000000 20.664491 -15.475125
2614.000000 20.664491 -15.475125
2615.000000 20.664491 -15.475125
2616.000000 20.664491 -15.475125
2617.000000 20.664491 -15.475125
2618.000000 20.664491 -15.475125
2619.000000 20.664491 -15.475125
2620.000000 20.664491 -15.475125
2621.000000 20.664491 -15.475125
2622.000000 20.664491 -15.475125
2623.000000 20.664491 -15.475125
2624.000000 20.664491 -15.475125
2625.000000 20.664491 -15.475125
2626.000000 20.664491 -15.475125
2627.000000 20.664491 -15.475125
2628.000000 20.664491 -15.475125
2629.000000 20.664491 -15.475125
2630.000000 20.664491 -15.475125
2631.000000 20.664491 -15.475125
2632.000000 20.664491 -15.475125
2633.000000 20.664491 -15.475125
2634.000000 20.664491 -15.475125
2635.000000 20.664491 -15.475125
2636.000000 20.664491 -15.475125
2637.000000 20.664491 -15.475125
2638.000000 20.664491 -15.475125
2639.000000 20.664491 -15.475125
2640.000000 20.664491 -15.475125
2641.000000 20.664491 -15.475125
2642.000000 20.664491 -15.475125
2643.000000 20.664491 -15.475125
2644.000000 20.664491 -15.475125
2645.000000 20.664491 -15.475125
2646.000000 20.664491 -15.475125
2647.000000 20.664491 -15.475125
2648.000000 20.664491 -15.475125
2649.000000 20.664491 -15.475125
2650.000000 20.664491 -15.475125
2651.000000 20.664491 -15.475125
2652.000000 20.664491 -15.475125
2653.000000 20.664491 -15.475125
2654.000000 20.664491 -15.475125
2655.000000 20.664491 -15.475125
2656.000000 20.664491 -15.475125
2657.000000 20.664491 -15.475125
2658.000000 20.664491 -15.475125
2659.000000 20.664491 -15.475125
2660.000000 20.664491 -15.475125
2661.000000 20.664491 -15.475125
2662.000000 20.664491 -15.475125
2663.000000 20.664491 -15.475125
2664.000000 20.664491 -15.475125
2665.000000 20.664491 -15.475125
2666.000000 20.664491 -15.475125
2667.000000 20.664491 -15.475125
2668.000000 20.664491 -15.475125
2669.000000 20.664491 -15.475125
2670.000000 20.664491 -15.475125
2671.000000 20.664491 -15.475125
2672.000000 20.664491 -15.475125
2673.000000 20.664491 -15.475125
2674.000000 20.664491 -15.475125
2675.000000 20.664491 -15.475125
2676.000000 20.664491 -15.475125
2677.000000 20.664491 -15.475125
2678.000000 20.664491 -15.475125
2679.000000 20.664491 -15.475125
2680.000000 20.664491 -15.475125
2681.000000 20.664491 -15.475125
2682.000000 20.664491 -15.475125
2683.000000 20.664491 -15.475125
2684.000000 20.664491 -15.475125
2685.000000 20.664491 -15.475125
2686.000000 20.664491 -15.475125
2687.000000 20.664491 -15.475125
2688.000000 20.664491 -15.475125
2689.000000 20.664491 -15.475125
2690.000000 20.664491 -15.475125
2691.000000 20.664491 -15.475125
2692.000000 20.664491 -15.475125
2693.000000 20.664491 -15.475125
2694.000000 20.664491 -15.475125
2695.000000 20.664491 -15.475125
2696.000000 20.664491 -15.475125
2697.000000 20.664491 -15.475125
2698.000000 20.664491 -15.475125
2699.000000 20.664491 -15.475125
2700.000000 20.664491 -15.475125
2701.000000 20.664491 -15.475125
2702.000000 20.664491 -15.475125
2703.000000 20.664491 -15.475125
2704.000000 20.664491 -15.475125
2705.000000 20.664491 -15.475125
2706.000000 20.664491 -15.475125
2707.000000 20.664491 -15.475125
2708.000000 20.664491 -15.475125
2709.000000 20.664491 -15.475125
2710.000000 20.664491 -15.475125
2711.000000 20.664491 -15.475125
2712.000000 20.664491 -15.475125
2713.000000 20.664491 -15.475125
2714.000000 20.664491 -15.475125
2715.000000 20.664491 -15.475125
2716.000000 20.664491 -15.475125
2717.000000 20.664491 -15.475125
2718.000000 20.664491 -15.475125
2719.000000 20.664491 -15.475125
2720.000000 20.664491 -15.475125
2721.000000 20.664491 -15.475125
2722.000000 20.664491 -15.475125
2723.000000 20.664491 -15.475125
2724.000000 20.664491 -15.475125
2725.000000 20.664491 -15.475125
2726.000000 20.664491 -15.475125
2727.000000 20.664491 -15.475125
2728.000000 20.664491 -15.475125
2729.000000 20.664491 -15.475125
2730.000000 20.664491 -15.475125
2731.000000 20.664491 -15.475125
2732.000000 20.664491 -15.475125
2733.000000 20.664491 -15.475125
2734.000000 20.664491 -15.475125
2735.000000 20.664491 -15.475125
2736.000000 20.664491 -15.475125
2737.000000 20.664491 -15.475125
2738.000000 20.664491 -15.475125
2739.000000 20.664491 -15.475125
2740.000000 20.664491 -15.475125
2741.000000 20.664491 -15.475125
2742.000000 20.664491 -15.475125
2743.000000 20.664491 -15.475125
2744.000000 20.664491 -15.475125
2745.000000 20.664491 -15.475125
2746.000000 20.664491 -15.475125
2747.000000 20.664491 -15.475125
2748.000000 20.664491 -15.475125
2749.000000 20.664491 -15.475125
2750.000000 20.664491 -15.475125
2751.000000 20.664491 -15.475125
2752.000000 20.664491 -15.475125
2753.000000 20.664491 -15.475125
2754.000000 20.664491 -15.475125
2755.000000 20.664491 -15.475125
2756.000000 20.664491 -15.475125
2757.000000 20.664491 -15.475125
2758.000000 20.664491 -15.475125
2759.000000 20.664491 -15.475125
2760.000000 20.664491 -15.475125
2761.000000 20.664491 -15.475125
2762.000000 20.664491 -15.475125
2763.000000 20.664491 -15.475125
2764.000000 20.664491 -15.475125
2765.000000 20.664491 -15.475125
2766.000000 20.664491 -15.475125
2767.000000 20.664491 -15.475125
2768.000000 20.664491 -15.475125
2769.000000 20.664491 -15.475125
2770.000000 20.664491 -15.475125
2771.000000 20.664491 -15.475125
2772.000000 20.664491 -15.475125
2773.000000 20.664491 -15.475125
2774.000000 20.664491 -15.475125
2775.000000 20.664491 -15.475125
2776.000000 20.664491 -15.475125
2777.000000 20.664491 -15.475125
2778.000000 20.664491 -15.475125
2779.000000 20.664491 -15.475125
2780.000000 20.664491 -15.475125
2781.000000 20.664491 -15.475125
2782.000000 20.664491 -15.475125
2783.000000 20.664491 -15.475125
2784.000000 20.664491 -15.475125
2785.000000 20.664491 -15.475125
2786.000000 20.664491 -15.475125
2787.000000 20.664491 -15.475125
2788.000000 20.664491 -15.475125
2789.000000 20.664491 -15.475125
2790.000000 20.664491 -15.475125
2791.000000 20.664491 -15.475125
2792.000000 20.664491 -15.475125
2793.000000 20.664491 -15.475125
2794.000000 20.664491 -15.475125
2795.000000 20.664491 -15.475125
2796.000000 20.664491 -15.475125
2797.000000 20.664491 -15.475125
2798.000000 20.664491 -15.475125
2799.000000 20.664491 -15.475125
2800.000000 20.664491 -15.475125
2801.000000 20.664491 -15.475125
2802.000000 20.664491 -15.475125
2803.000000 20.664491 -15.475125
2804.000000 20.664491 -15.475125
2805.000000 20.664491 -15.475125
2806.000000 20.664491 -15.475125
2807.000000 20.664491 -15.475125
2808.000000 20.664491 -15.475125
2809.000000 20.664491 -15.475125
2810.000000 20.664491 -15.475125
2811.000000 20.664491 -15.475125
2812.000000 20.664491 -15.475125
2813.000000 20.664491 -15.475125
2814.000000 20.664491 -15.475125
2815.000000 20.664491 -15.475125
2816.000000 20.664491 -15.475125
2817.000000 20.664491 -15.475125
2818.000000 20.664491 -15.475125
2819.000000 20.664491 -15.475125
2820.000000 20.664491 -15.475125
2821.000000 20.664491 -15.475125
2822.000000 20.664491 -15.475125
2823.000000 20.664491 -15.475125
2824.000000 20.664491 -15.475125
2825.000000 20.664491 -15.475125
2826.000000 20.664491 -15.475125
2827.000000 20.664491 -15.475125
2828.000000 20.664491 -15.475125
2829.000000 20.664491 -15.475125
2830.000000 20.664491 -15.475125
2831.000000 20.664491 -15.475125
2832.000000 20.664491 -15.475125
2833.000000 20.664491 -15.475125
2834.000000 20.664491 -15.475125
2835.000000 20.664491 -15.475125
2836.000000 20.664491 -15.475125
2837.000000 20.664491 -15.475125
2838.000000 20.664491 -15.475125
2839.000000 20.664491 -15.475125
2840.000000 20.664491 -15.475125
2841.000000 20.664491 -15.475125
2842.000000 20.664491 -15.475125
2843.000000 20.664491 -15.475125
2844.000000 20.664491 -15.475125
2845.000000 20.664491 -15.475125
2846.000000 20.664491 -15.475125
2847.000000 20.664491 -15.475125
2848.000000 20.664491 -15.475125
2849.000000 20.664491 -15.475125
2850.000000 20.664491 -15.475125
2851.000000 20.664491 -15.475125
2852.000000 20.664491 -15.475125
2853.000000 20.664491 -15.475125
2854.000000 20.664491 -15.475125
2855.000000 20.664491 -15.475125
2856.000000 20.664491 -15.475125
2857.000000 20.664491 -15.475125
2858.000000 20.664491 -15.475125
2859.000000 20.664491 -15.475125
2860.000000 20.664491 -15.475125
2861.000000 20.664491 -15.475125
2862.000000 20.664491 -15.475125
2863.000000 20.664491 -15.475125
2864.000000 20.664491 -15.475125
2865.000000 20.664491 -15.475125
2866.000000 20.664491 -15.475125
2867.000000 20.664491 -15.475125
2868.000000 20.664491 -15.475125
2869.000000 20.664491 -15.475125
2870.000000 20.664491 -15.475125
2871.000000 20.664491 -15.475125
2872.000000 20.664491 -15.475125
2873.000000 20.664491 -15.475125
2874.000000 20.664491 -15.475125
2875.000000 20.664491 -15.475125
2876.000000 20.664491 -15.475125
2877.000000 20.664491 -15.475125
2878.000000 20.664491 -15.475125
2879.000000 20.664491 -15.475125
2880.000000 20.664491 -15.475125
2881.000000 20.664491 -15.475125
2882.000000 20.664491 -15.475125
2883.000000 20.664491 -15.475125
2884.000000 20.664491 -15.475125
2885.000000 20.664491 -15.475125
2886.000000 20.664491 -15.475125
2887.000000 20.664491 -15.475125
2888.000000 20.664491 -15.475125
2889.000000 20.664491 -15.475125
2890.000000 20.664491 -15.475125
2891.000000 20.664491 -15.475125
2892.000000 20.664491 -15.475125
2893.000000 20.664491 -15.475125
2894.000000 20.664491 -15.475125
2895.000000 20.664491 -15.475125
2896.000000 20.664491 -15.475125
2897.000000 20.664491 -15.475125
2898.000000 20.664491 -15.475125
2899.000000 20.664491 -15.475125
2900.000000 20.664491 -15.475125
2901.000000 20.664491 -15.475125
2902.000000 20.664491 -15.475125
2903.000000 20.664491 -15.475125
2904.000000 20.664491 -15.475125
2905.000000 20.664491 -15.475125
2906.000000 20.664491 -15.475125
2907.000000 20.664491 -15.475125
2908.000000 20.664491 -15.475125
2909.000000 20.664491 -15.475125
2910.000000 20.664491 -15.475125
2911.000000 20.664491 -15.475125
2912.000000 20.664491 -15.475125
2913.000000 20.664491 -15.475125
2914.000000 20.664491 -15.475125
2915.000000 20.664491 -15.475125
2916.000000 20.664491 -15.475125
2917.000000 20.664491 -15.475125
2918.000000 20.664491 -15.475125
2919.000000 20.664491 -15.475125
2920.000000 20.664491 -15.475125
2921.000000 20.664491 -15.475125
2922.000000 20.664491 -15.475125
2923.000000 20.664491 -15.475125
2924.000000 20.664491 -15.475125
2925.000000 20.664491 -15.475125
2926.000000 20.664491 -15.475125
2927.000000 20.664491 -15.475125
2928.000000 20.664491 -15.475125
2929.000000 20.664491 -15.475125
2930.000000 20.664491 -15.475125
2931.000000 20.664491 -15.475125
2932.000000 20.664491 -15.475125
2933.000000 20.664491 -15.475125
2934.000000 20.664491 -15.475125
2935.000000 20.664491 -15.475125
2936.000000 20.664491 -15.475125
2937.000000 20.664491 -15.475125
2938.000000 20.664491 -15.475125
2939.000000 20.664491 -15.475125
2940.000000 20.664491 -15.475125
2941.000000 20.664491 -15.475125
2942.000000 20.664491 -15.475125
2943.000000 20.664491 -15.475125
2944.000000 20.664491 -15.475125
2945.000000 20.664491 -15.475125
2946.000000 20.664491 -15.475125
2947.000000 20.664491 -15.475125
2948.000000 20.664491 -15.475125
2949.000000 20.664491 -15.475125
2950.000000 20.664491 -15.475125
2951.000000 20.664491 -15.475125
2952.000000 20.664491 -15.475125
2953.000000 20.664491 -15.475125
2954.000000 20.664491 -15.475125
2955.000000 20.664491 -15.475125
2956.000000 20.664491 -15.475125
2957.000000 20.664491 -15.475125
2958.000000 20.664491 -15.475125
2959.000000 20.664491 -15.475125
2960.000000 20.664491 -15.475125
2961.000000 20.664491 -15.475125
2962.000000 20.664491 -15.475125
2963.000000 20.664491 -15.475125
2964.000000 20.664491 -15.475125
2965.000000 20.664491 -15.475125
2966.000000 20.664491 -15.475125
2967.000000 20.664491 -15.475125
2968.000000 20.664491 -15.475125
2969.000000 20.664491 -15.475125
2970.000000 20.664491 -15.475125
2971.000000 20.664491 -15.475125
2972.000000 20.664491 -15.475125
2973.000000 20.664491 -15.475125
2974.000000 20.664491 -15.475125
2975.000000 20.664491 -15.475125
2976.000000 20.664491 -15.475125
2977.000000 20.664491 -15.475125
2978.000000 20.664491 -15.475125
2979.000000 20.664491 -15.475125
2980.000000 20.664491 -15.475125
2981.000000 20.664491 -15.475125
2982.000000 20.664491 -15.475125
2983.000000 20.664491 -15.475125
2984.000000 20.664491 -15.475125
2985.000000 20.664491 -15.475125
2986.000000 20.664491 -15.475125
2987.000000 20.664491 -15.475125
2988.000000 20.664491 -15.475125
2989.000000 20.664491 -15.475125
2990.000000 20.664491 -15.475125
2991.000000 20.664491 -15.475125
2992.000000 20.664491 -15.475125
2993.000000 20.664491 -15.475125
2994.000000 20.664491 -15.475125
2995.000000 20.664491 -15.475125
2996.000000 20.664491 -15.475125
2997.000000 20.664491 -15.475125
2998.000000 20.664491 -15.475125
2999.000000 20.664491 -15.475125
3000.000000 20.664491 -15.475125
