0.5   429.53
1.5   429.066
2.5   428.601
3.5   428.136
4.5   427.672
5.5   427.207
6.5   426.742
7.5   426.277
8.5   425.813
9.5   425.348
10.5   424.883
11.5   424.418
12.5   423.953
13.5   423.488
14.5   423.023
15.5   422.558
16.5   422.093
17.5   421.628
18.5   421.163
19.5   420.698
20.5   420.233
21.5   419.768
22.5   419.302
23.5   418.837
24.5   418.372
25.5   417.906
26.5   417.441
27.5   416.976
28.5   416.51
29.5   416.045
30.5   415.579
31.5   415.114
32.5   414.648
33.5   414.183
34.5   413.717
35.5   413.251
36.5   412.786
37.5   412.32
38.5   411.854
39.5   411.389
40.5   410.923
41.5   410.457
42.5   409.991
43.5   409.525
44.5   409.059
45.5   408.593
46.5   408.127
47.5   407.661
48.5   407.195
49.5   406.729
50.5   406.263
51.5   405.797
52.5   405.331
53.5   404.864
54.5   404.398
55.5   403.932
56.5   403.465
57.5   402.999
58.5   402.533
59.5   402.066
60.5   401.6
61.5   401.133
62.5   400.667
63.5   400.2
64.5   399.734
65.5   399.267
66.5   398.8
67.5   398.334
68.5   397.867
69.5   397.4
70.5   396.933
71.5   396.466
72.5   396
73.5   395.533
74.5   395.066
75.5   394.599
76.5   394.132
77.5   393.665
78.5   393.198
79.5   392.731
80.5   392.263
81.5   391.796
82.5   391.329
83.5   390.862
84.5   390.394
85.5   389.927
86.5   389.46
87.5   388.992
88.5   388.525
89.5   388.057
90.5   387.59
91.5   387.122
92.5   386.655
93.5   386.187
94.5   385.72
95.5   385.252
96.5   384.784
97.5   384.316
98.5   383.849
99.5   383.381
100.5   382.913
101.5   382.445
102.5   381.977
103.5   381.509
104.5   381.041
105.5   380.573
106.5   380.105
107.5   379.637
108.5   379.169
109.5   378.7
110.5   378.232
111.5   377.764
112.5   377.296
113.5   376.827
114.5   376.359
115.5   375.891
116.5   375.422
117.5   374.954
118.5   374.485
119.5   374.016
120.5   373.548
121.5   373.079
122.5   372.611
123.5   372.142
124.5   371.673
125.5   371.204
126.5   370.735
127.5   370.267
128.5   369.798
129.5   369.329
130.5   368.86
131.5   368.391
132.5   367.922
133.5   367.453
134.5   366.983
135.5   366.514
136.5   366.045
137.5   365.576
138.5   365.106
139.5   364.637
140.5   364.168
141.5   363.698
142.5   363.229
143.5   362.759
144.5   362.29
145.5   361.82
146.5   361.351
147.5   360.881
148.5   360.411
149.5   359.941
150.5   359.472
151.5   359.002
152.5   358.532
153.5   358.062
154.5   357.592
155.5   357.122
156.5   356.652
157.5   356.182
158.5   355.712
159.5   355.242
160.5   354.772
161.5   354.301
162.5   353.831
163.5   353.361
164.5   352.89
165.5   352.42
166.5   351.95
167.5   351.479
168.5   351.009
169.5   350.538
170.5   350.067
171.5   349.597
172.5   349.126
173.5   348.655
174.5   348.185
175.5   347.714
176.5   347.243
177.5   346.772
178.5   346.301
179.5   345.83
180.5   345.359
181.5   344.888
182.5   344.417
183.5   343.946
184.5   343.475
185.5   343.003
186.5   342.532
187.5   342.061
188.5   341.589
189.5   341.118
190.5   340.646
191.5   340.175
192.5   339.703
193.5   339.232
194.5   338.76
195.5   338.288
196.5   337.817
197.5   337.345
198.5   336.873
199.5   336.401
200.5   335.929
201.5   335.457
202.5   334.985
203.5   334.513
204.5   334.041
205.5   333.569
206.5   333.097
207.5   332.625
208.5   332.152
209.5   331.68
210.5   331.208
211.5   330.735
212.5   330.263
213.5   329.79
214.5   329.318
215.5   328.845
216.5   328.373
217.5   327.9
218.5   327.427
219.5   326.954
220.5   326.482
221.5   326.009
222.5   325.536
223.5   325.063
224.5   324.59
225.5   324.117
226.5   323.644
227.5   323.17
228.5   322.697
229.5   322.224
230.5   321.751
231.5   321.277
232.5   320.804
233.5   320.33
234.5   319.857
235.5   319.383
236.5   318.91
237.5   318.436
238.5   317.962
239.5   317.489
240.5   317.015
241.5   316.541
242.5   316.067
243.5   315.593
244.5   315.119
245.5   314.645
246.5   314.171
247.5   313.697
248.5   313.223
249.5   312.748
250.5   312.274
251.5   311.8
252.5   311.325
253.5   310.851
254.5   310.376
255.5   309.902
256.5   309.427
257.5   308.953
258.5   308.478
259.5   308.003
260.5   307.528
261.5   307.054
262.5   306.579
263.5   306.104
264.5   305.629
265.5   305.154
266.5   304.678
267.5   304.203
268.5   303.728
269.5   303.253
270.5   302.777
271.5   302.302
272.5   301.827
273.5   301.351
274.5   300.876
275.5   300.4
276.5   299.924
277.5   299.449
278.5   298.973
279.5   298.497
280.5   298.021
281.5   297.545
282.5   297.069
283.5   296.593
284.5   296.117
285.5   295.641
286.5   295.165
287.5   294.688
288.5   294.212
289.5   293.736
290.5   293.259
291.5   292.783
292.5   292.306
293.5   291.83
294.5   291.353
295.5   290.876
296.5   290.4
297.5   289.923
298.5   289.446
299.5   288.969
300.5   288.492
301.5   288.015
302.5   287.538
303.5   287.061
304.5   286.583
305.5   286.106
306.5   285.629
307.5   285.151
308.5   284.674
309.5   284.196
310.5   283.719
311.5   283.241
312.5   282.763
313.5   282.286
314.5   281.808
315.5   281.33
316.5   280.852
317.5   280.374
318.5   279.896
319.5   279.418
320.5   278.94
321.5   278.461
322.5   277.983
323.5   277.505
324.5   277.026
325.5   276.548
326.5   276.069
327.5   275.591
328.5   275.112
329.5   274.633
330.5   274.155
331.5   273.676
332.5   273.197
333.5   272.718
334.5   272.239
335.5   271.76
336.5   271.28
337.5   270.801
338.5   270.322
339.5   269.843
340.5   269.363
341.5   268.884
342.5   268.404
343.5   267.924
344.5   267.445
345.5   266.965
346.5   266.485
347.5   266.005
348.5   265.525
349.5   265.045
350.5   264.565
351.5   264.085
352.5   263.605
353.5   263.125
354.5   262.644
355.5   262.164
356.5   261.683
357.5   261.203
358.5   260.722
359.5   260.242
360.5   259.761
361.5   259.28
362.5   258.799
363.5   258.318
364.5   257.837
365.5   257.356
366.5   256.875
367.5   256.394
368.5   255.912
369.5   255.431
370.5   254.949
371.5   254.468
372.5   253.986
373.5   253.505
374.5   253.023
375.5   252.541
376.5   252.059
377.5   251.577
378.5   251.095
379.5   250.613
380.5   250.131
381.5   249.649
382.5   249.167
383.5   248.684
384.5   248.202
385.5   247.719
386.5   247.237
387.5   246.754
388.5   246.271
389.5   245.788
390.5   245.306
391.5   244.823
392.5   244.339
393.5   243.856
394.5   243.373
395.5   242.89
396.5   242.407
397.5   241.923
398.5   241.44
399.5   240.956
400.5   240.472
401.5   239.989
402.5   239.505
403.5   239.021
404.5   238.537
405.5   238.053
406.5   237.569
407.5   237.085
408.5   236.6
409.5   236.116
410.5   235.632
411.5   235.147
412.5   234.663
413.5   234.178
414.5   233.693
415.5   233.208
416.5   232.723
417.5   232.238
418.5   231.753
419.5   231.268
