0.5   1423.41
1.5   1423.3
2.5   1423.18
3.5   1423.07
4.5   1422.95
5.5   1422.83
6.5   1422.72
7.5   1422.6
8.5   1422.48
9.5   1422.37
10.5   1422.25
11.5   1422.14
12.5   1422.02
13.5   1421.9
14.5   1421.78
15.5   1421.67
16.5   1421.55
17.5   1421.43
18.5   1421.32
19.5   1421.2
20.5   1421.08
21.5   1420.96
22.5   1420.85
23.5   1420.73
24.5   1420.61
25.5   1420.49
26.5   1420.38
27.5   1420.26
28.5   1420.14
29.5   1420.02
30.5   1419.9
31.5   1419.79
32.5   1419.67
33.5   1419.55
34.5   1419.43
35.5   1419.31
36.5   1419.19
37.5   1419.08
38.5   1418.96
39.5   1418.84
40.5   1418.72
41.5   1418.6
42.5   1418.48
43.5   1418.36
44.5   1418.24
45.5   1418.12
46.5   1418.01
47.5   1417.89
48.5   1417.77
49.5   1417.65
50.5   1417.53
51.5   1417.41
52.5   1417.29
53.5   1417.17
54.5   1417.05
55.5   1416.93
56.5   1416.81
57.5   1416.69
58.5   1416.57
59.5   1416.45
60.5   1416.33
61.5   1416.21
62.5   1416.09
63.5   1415.97
64.5   1415.85
65.5   1415.73
66.5   1415.61
67.5   1415.48
68.5   1415.36
69.5   1415.24
70.5   1415.12
71.5   1415
72.5   1414.88
73.5   1414.76
74.5   1414.64
75.5   1414.52
76.5   1414.39
77.5   1414.27
78.5   1414.15
79.5   1414.03
80.5   1413.91
81.5   1413.79
82.5   1413.66
83.5   1413.54
84.5   1413.42
85.5   1413.3
86.5   1413.18
87.5   1413.05
88.5   1412.93
89.5   1412.81
90.5   1412.69
91.5   1412.56
92.5   1412.44
93.5   1412.32
94.5   1412.2
95.5   1412.07
96.5   1411.95
97.5   1411.83
98.5   1411.7
99.5   1411.58
100.5   1411.46
101.5   1411.33
102.5   1411.21
103.5   1411.09
104.5   1410.96
105.5   1410.84
106.5   1410.72
107.5   1410.59
108.5   1410.47
109.5   1410.35
110.5   1410.22
111.5   1410.1
112.5   1409.97
113.5   1409.85
114.5   1409.72
115.5   1409.6
116.5   1409.48
117.5   1409.35
118.5   1409.23
119.5   1409.1
120.5   1408.98
121.5   1408.85
122.5   1408.73
123.5   1408.6
124.5   1408.48
125.5   1408.35
126.5   1408.23
127.5   1408.1
128.5   1407.98
129.5   1407.85
130.5   1407.73
131.5   1407.6
132.5   1407.47
133.5   1407.35
134.5   1407.22
135.5   1407.1
136.5   1406.97
137.5   1406.84
138.5   1406.72
139.5   1406.59
140.5   1406.47
141.5   1406.34
142.5   1406.21
143.5   1406.09
144.5   1405.96
145.5   1405.83
146.5   1405.71
147.5   1405.58
148.5   1405.45
149.5   1405.33
150.5   1405.2
151.5   1405.07
152.5   1404.94
153.5   1404.82
154.5   1404.69
155.5   1404.56
156.5   1404.43
157.5   1404.31
158.5   1404.18
159.5   1404.05
160.5   1403.92
161.5   1403.8
162.5   1403.67
163.5   1403.54
164.5   1403.41
165.5   1403.28
166.5   1403.15
167.5   1403.03
168.5   1402.9
169.5   1402.77
170.5   1402.64
171.5   1402.51
172.5   1402.38
173.5   1402.25
174.5   1402.12
175.5   1402
176.5   1401.87
177.5   1401.74
178.5   1401.61
179.5   1401.48
180.5   1401.35
181.5   1401.22
182.5   1401.09
183.5   1400.96
184.5   1400.83
185.5   1400.7
186.5   1400.57
187.5   1400.44
188.5   1400.31
189.5   1400.18
190.5   1400.05
191.5   1399.92
192.5   1399.79
193.5   1399.66
194.5   1399.53
195.5   1399.4
196.5   1399.27
197.5   1399.14
198.5   1399.01
199.5   1398.87
200.5   1398.74
201.5   1398.61
202.5   1398.48
203.5   1398.35
204.5   1398.22
205.5   1398.09
206.5   1397.96
207.5   1397.82
208.5   1397.69
209.5   1397.56
210.5   1397.43
211.5   1397.3
212.5   1397.16
213.5   1397.03
214.5   1396.9
215.5   1396.77
216.5   1396.64
217.5   1396.5
218.5   1396.37
219.5   1396.24
220.5   1396.1
221.5   1395.97
222.5   1395.84
223.5   1395.71
224.5   1395.57
225.5   1395.44
226.5   1395.31
227.5   1395.17
228.5   1395.04
229.5   1394.91
230.5   1394.77
231.5   1394.64
232.5   1394.51
233.5   1394.37
234.5   1394.24
235.5   1394.1
236.5   1393.97
237.5   1393.84
238.5   1393.7
239.5   1393.57
240.5   1393.43
241.5   1393.3
242.5   1393.16
243.5   1393.03
244.5   1392.9
245.5   1392.76
246.5   1392.63
247.5   1392.49
248.5   1392.36
249.5   1392.22
250.5   1392.09
251.5   1391.95
252.5   1391.82
253.5   1391.68
254.5   1391.54
255.5   1391.41
256.5   1391.27
257.5   1391.14
258.5   1391
259.5   1390.87
260.5   1390.73
261.5   1390.59
262.5   1390.46
263.5   1390.32
264.5   1390.18
265.5   1390.05
266.5   1389.91
267.5   1389.77
268.5   1389.64
269.5   1389.5
270.5   1389.36
271.5   1389.23
272.5   1389.09
273.5   1388.95
274.5   1388.82
275.5   1388.68
276.5   1388.54
277.5   1388.4
278.5   1388.27
279.5   1388.13
280.5   1387.99
281.5   1387.85
282.5   1387.72
283.5   1387.58
284.5   1387.44
285.5   1387.3
286.5   1387.16
287.5   1387.02
288.5   1386.89
289.5   1386.75
290.5   1386.61
291.5   1386.47
292.5   1386.33
293.5   1386.19
294.5   1386.05
295.5   1385.91
296.5   1385.78
297.5   1385.64
298.5   1385.5
299.5   1385.36
300.5   1385.22
301.5   1385.08
302.5   1384.94
303.5   1384.8
304.5   1384.66
305.5   1384.52
306.5   1384.38
307.5   1384.24
308.5   1384.1
309.5   1383.96
310.5   1383.82
311.5   1383.68
312.5   1383.54
313.5   1383.4
314.5   1383.26
315.5   1383.12
316.5   1382.98
317.5   1382.83
318.5   1382.69
319.5   1382.55
320.5   1382.41
321.5   1382.27
322.5   1382.13
323.5   1381.99
324.5   1381.85
325.5   1381.7
326.5   1381.56
327.5   1381.42
328.5   1381.28
329.5   1381.14
330.5   1380.99
331.5   1380.85
332.5   1380.71
333.5   1380.57
334.5   1380.43
335.5   1380.28
336.5   1380.14
337.5   1380
338.5   1379.85
339.5   1379.71
340.5   1379.57
341.5   1379.43
342.5   1379.28
343.5   1379.14
344.5   1379
345.5   1378.85
346.5   1378.71
347.5   1378.57
348.5   1378.42
349.5   1378.28
350.5   1378.13
351.5   1377.99
352.5   1377.85
353.5   1377.7
354.5   1377.56
355.5   1377.41
356.5   1377.27
357.5   1377.12
358.5   1376.98
359.5   1376.84
360.5   1376.69
361.5   1376.55
362.5   1376.4
363.5   1376.26
364.5   1376.11
365.5   1375.97
366.5   1375.82
367.5   1375.67
368.5   1375.53
369.5   1375.38
370.5   1375.24
371.5   1375.09
372.5   1374.95
373.5   1374.8
374.5   1374.65
375.5   1374.51
376.5   1374.36
377.5   1374.22
378.5   1374.07
379.5   1373.92
380.5   1373.78
381.5   1373.63
382.5   1373.48
383.5   1373.34
384.5   1373.19
385.5   1373.04
386.5   1372.89
387.5   1372.75
388.5   1372.6
389.5   1372.45
390.5   1372.31
391.5   1372.16
392.5   1372.01
393.5   1371.86
394.5   1371.71
395.5   1371.57
396.5   1371.42
397.5   1371.27
398.5   1371.12
399.5   1370.97
400.5   1370.83
401.5   1370.68
402.5   1370.53
403.5   1370.38
404.5   1370.23
405.5   1370.08
406.5   1369.93
407.5   1369.78
408.5   1369.63
409.5   1369.48
410.5   1369.34
411.5   1369.19
412.5   1369.04
413.5   1368.89
414.5   1368.74
415.5   1368.59
416.5   1368.44
417.5   1368.29
418.5   1368.14
419.5   1367.99
420.5   1367.84
421.5   1367.69
422.5   1367.54
423.5   1367.39
424.5   1367.23
425.5   1367.08
426.5   1366.93
427.5   1366.78
428.5   1366.63
429.5   1366.48
430.5   1366.33
431.5   1366.18
432.5   1366.03
433.5   1365.87
434.5   1365.72
435.5   1365.57
436.5   1365.42
437.5   1365.27
438.5   1365.12
439.5   1364.96
440.5   1364.81
441.5   1364.66
442.5   1364.51
443.5   1364.35
444.5   1364.2
445.5   1364.05
446.5   1363.9
447.5   1363.74
448.5   1363.59
449.5   1363.44
450.5   1363.28
451.5   1363.13
452.5   1362.98
453.5   1362.82
454.5   1362.67
455.5   1362.52
456.5   1362.36
457.5   1362.21
458.5   1362.05
459.5   1361.9
460.5   1361.75
461.5   1361.59
462.5   1361.44
463.5   1361.28
464.5   1361.13
465.5   1360.97
466.5   1360.82
467.5   1360.66
468.5   1360.51
469.5   1360.36
470.5   1360.2
471.5   1360.04
472.5   1359.89
473.5   1359.73
474.5   1359.58
475.5   1359.42
476.5   1359.27
477.5   1359.11
478.5   1358.96
479.5   1358.8
480.5   1358.64
481.5   1358.49
482.5   1358.33
483.5   1358.17
484.5   1358.02
485.5   1357.86
486.5   1357.7
487.5   1357.55
488.5   1357.39
489.5   1357.23
490.5   1357.08
491.5   1356.92
492.5   1356.76
493.5   1356.61
494.5   1356.45
495.5   1356.29
496.5   1356.13
497.5   1355.98
498.5   1355.82
499.5   1355.66
500.5   1355.5
501.5   1355.34
502.5   1355.18
503.5   1355.03
504.5   1354.87
505.5   1354.71
506.5   1354.55
507.5   1354.39
508.5   1354.23
509.5   1354.07
510.5   1353.92
511.5   1353.76
512.5   1353.6
513.5   1353.44
514.5   1353.28
515.5   1353.12
516.5   1352.96
517.5   1352.8
518.5   1352.64
519.5   1352.48
520.5   1352.32
521.5   1352.16
522.5   1352
523.5   1351.84
524.5   1351.68
525.5   1351.52
526.5   1351.36
527.5   1351.2
528.5   1351.03
529.5   1350.87
530.5   1350.71
531.5   1350.55
532.5   1350.39
533.5   1350.23
534.5   1350.07
535.5   1349.91
536.5   1349.74
537.5   1349.58
538.5   1349.42
539.5   1349.26
540.5   1349.1
541.5   1348.93
542.5   1348.77
543.5   1348.61
544.5   1348.45
545.5   1348.28
546.5   1348.12
547.5   1347.96
548.5   1347.8
549.5   1347.63
550.5   1347.47
551.5   1347.31
552.5   1347.14
553.5   1346.98
554.5   1346.82
555.5   1346.65
556.5   1346.49
557.5   1346.32
558.5   1346.16
559.5   1346
560.5   1345.83
561.5   1345.67
562.5   1345.5
563.5   1345.34
564.5   1345.17
565.5   1345.01
566.5   1344.85
567.5   1344.68
568.5   1344.52
569.5   1344.35
570.5   1344.19
571.5   1344.02
572.5   1343.85
573.5   1343.69
574.5   1343.52
575.5   1343.36
576.5   1343.19
577.5   1343.03
578.5   1342.86
579.5   1342.69
580.5   1342.53
581.5   1342.36
582.5   1342.19
583.5   1342.03
584.5   1341.86
585.5   1341.69
586.5   1341.53
587.5   1341.36
588.5   1341.19
589.5   1341.03
590.5   1340.86
591.5   1340.69
592.5   1340.52
593.5   1340.36
594.5   1340.19
595.5   1340.02
596.5   1339.85
597.5   1339.68
598.5   1339.52
599.5   1339.35
600.5   1339.18
601.5   1339.01
602.5   1338.84
603.5   1338.67
604.5   1338.5
605.5   1338.34
606.5   1338.17
607.5   1338
608.5   1337.83
609.5   1337.66
610.5   1337.49
611.5   1337.32
612.5   1337.15
613.5   1336.98
614.5   1336.81
615.5   1336.64
616.5   1336.47
617.5   1336.3
618.5   1336.13
619.5   1335.96
620.5   1335.79
621.5   1335.62
622.5   1335.45
623.5   1335.28
624.5   1335.11
625.5   1334.93
626.5   1334.76
627.5   1334.59
628.5   1334.42
629.5   1334.25
630.5   1334.08
631.5   1333.91
632.5   1333.73
633.5   1333.56
634.5   1333.39
635.5   1333.22
636.5   1333.05
637.5   1332.87
638.5   1332.7
639.5   1332.53
640.5   1332.36
641.5   1332.18
642.5   1332.01
643.5   1331.84
644.5   1331.66
645.5   1331.49
646.5   1331.32
647.5   1331.14
648.5   1330.97
649.5   1330.8
650.5   1330.62
651.5   1330.45
652.5   1330.27
653.5   1330.1
654.5   1329.93
655.5   1329.75
656.5   1329.58
657.5   1329.4
658.5   1329.23
659.5   1329.05
660.5   1328.88
661.5   1328.7
662.5   1328.53
663.5   1328.35
664.5   1328.18
665.5   1328
666.5   1327.83
667.5   1327.65
668.5   1327.47
669.5   1327.3
670.5   1327.12
671.5   1326.95
672.5   1326.77
673.5   1326.59
674.5   1326.42
675.5   1326.24
676.5   1326.06
677.5   1325.89
678.5   1325.71
679.5   1325.53
680.5   1325.36
681.5   1325.18
682.5   1325
683.5   1324.82
684.5   1324.65
685.5   1324.47
686.5   1324.29
687.5   1324.11
688.5   1323.93
689.5   1323.76
690.5   1323.58
691.5   1323.4
692.5   1323.22
693.5   1323.04
694.5   1322.86
695.5   1322.68
696.5   1322.51
697.5   1322.33
698.5   1322.15
699.5   1321.97
700.5   1321.79
701.5   1321.61
702.5   1321.43
703.5   1321.25
704.5   1321.07
705.5   1320.89
706.5   1320.71
707.5   1320.53
708.5   1320.35
709.5   1320.17
710.5   1319.99
711.5   1319.81
712.5   1319.63
713.5   1319.44
714.5   1319.26
715.5   1319.08
716.5   1318.9
717.5   1318.72
718.5   1318.54
719.5   1318.36
720.5   1318.17
721.5   1317.99
722.5   1317.81
723.5   1317.63
724.5   1317.45
725.5   1317.26
726.5   1317.08
727.5   1316.9
728.5   1316.72
729.5   1316.53
730.5   1316.35
731.5   1316.17
732.5   1315.98
733.5   1315.8
734.5   1315.62
735.5   1315.43
736.5   1315.25
737.5   1315.07
738.5   1314.88
739.5   1314.7
740.5   1314.51
741.5   1314.33
742.5   1314.15
743.5   1313.96
744.5   1313.78
745.5   1313.59
746.5   1313.41
747.5   1313.22
748.5   1313.04
749.5   1312.85
750.5   1312.67
751.5   1312.48
752.5   1312.3
753.5   1312.11
754.5   1311.92
755.5   1311.74
756.5   1311.55
757.5   1311.37
758.5   1311.18
759.5   1310.99
760.5   1310.81
761.5   1310.62
762.5   1310.43
763.5   1310.25
764.5   1310.06
765.5   1309.87
766.5   1309.69
767.5   1309.5
768.5   1309.31
769.5   1309.12
770.5   1308.94
771.5   1308.75
772.5   1308.56
773.5   1308.37
774.5   1308.18
775.5   1308
776.5   1307.81
777.5   1307.62
778.5   1307.43
779.5   1307.24
780.5   1307.05
781.5   1306.86
782.5   1306.67
783.5   1306.49
784.5   1306.3
785.5   1306.11
786.5   1305.92
787.5   1305.73
788.5   1305.54
789.5   1305.35
790.5   1305.16
791.5   1304.97
792.5   1304.78
793.5   1304.59
794.5   1304.4
795.5   1304.2
796.5   1304.01
797.5   1303.82
798.5   1303.63
799.5   1303.44
800.5   1303.25
801.5   1303.06
802.5   1302.87
803.5   1302.67
804.5   1302.48
805.5   1302.29
806.5   1302.1
807.5   1301.91
808.5   1301.71
809.5   1301.52
810.5   1301.33
811.5   1301.14
812.5   1300.94
813.5   1300.75
814.5   1300.56
815.5   1300.36
816.5   1300.17
817.5   1299.98
818.5   1299.78
819.5   1299.59
820.5   1299.4
821.5   1299.2
822.5   1299.01
823.5   1298.81
824.5   1298.62
825.5   1298.43
826.5   1298.23
827.5   1298.04
828.5   1297.84
829.5   1297.65
830.5   1297.45
831.5   1297.26
832.5   1297.06
833.5   1296.87
834.5   1296.67
835.5   1296.47
836.5   1296.28
837.5   1296.08
838.5   1295.89
839.5   1295.69
840.5   1295.49
841.5   1295.3
842.5   1295.1
843.5   1294.9
844.5   1294.71
845.5   1294.51
846.5   1294.31
847.5   1294.12
848.5   1293.92
849.5   1293.72
850.5   1293.52
851.5   1293.33
852.5   1293.13
853.5   1292.93
854.5   1292.73
855.5   1292.53
856.5   1292.33
857.5   1292.14
858.5   1291.94
859.5   1291.74
860.5   1291.54
861.5   1291.34
862.5   1291.14
863.5   1290.94
864.5   1290.74
865.5   1290.54
866.5   1290.34
867.5   1290.14
868.5   1289.94
869.5   1289.74
870.5   1289.54
871.5   1289.34
872.5   1289.14
873.5   1288.94
874.5   1288.74
875.5   1288.54
876.5   1288.34
877.5   1288.14
878.5   1287.94
879.5   1287.74
880.5   1287.54
881.5   1287.33
882.5   1287.13
883.5   1286.93
884.5   1286.73
885.5   1286.53
886.5   1286.32
887.5   1286.12
888.5   1285.92
889.5   1285.72
890.5   1285.51
891.5   1285.31
892.5   1285.11
893.5   1284.9
894.5   1284.7
895.5   1284.5
896.5   1284.29
897.5   1284.09
898.5   1283.89
899.5   1283.68
900.5   1283.48
901.5   1283.27
902.5   1283.07
903.5   1282.87
904.5   1282.66
905.5   1282.46
906.5   1282.25
907.5   1282.05
908.5   1281.84
909.5   1281.64
910.5   1281.43
911.5   1281.22
912.5   1281.02
913.5   1280.81
914.5   1280.61
915.5   1280.4
916.5   1280.19
917.5   1279.99
918.5   1279.78
919.5   1279.58
920.5   1279.37
921.5   1279.16
922.5   1278.95
923.5   1278.75
924.5   1278.54
925.5   1278.33
926.5   1278.13
927.5   1277.92
928.5   1277.71
929.5   1277.5
930.5   1277.29
931.5   1277.09
932.5   1276.88
933.5   1276.67
934.5   1276.46
935.5   1276.25
936.5   1276.04
937.5   1275.83
938.5   1275.62
939.5   1275.41
940.5   1275.21
941.5   1275
942.5   1274.79
943.5   1274.58
944.5   1274.37
945.5   1274.16
946.5   1273.95
947.5   1273.74
948.5   1273.52
949.5   1273.31
950.5   1273.1
951.5   1272.89
952.5   1272.68
953.5   1272.47
954.5   1272.26
955.5   1272.05
956.5   1271.84
957.5   1271.62
958.5   1271.41
959.5   1271.2
960.5   1270.99
961.5   1270.78
962.5   1270.56
963.5   1270.35
964.5   1270.14
965.5   1269.92
966.5   1269.71
967.5   1269.5
968.5   1269.28
969.5   1269.07
970.5   1268.86
971.5   1268.64
972.5   1268.43
973.5   1268.22
974.5   1268
975.5   1267.79
976.5   1267.57
977.5   1267.36
978.5   1267.14
979.5   1266.93
980.5   1266.71
981.5   1266.5
982.5   1266.28
983.5   1266.07
984.5   1265.85
985.5   1265.64
986.5   1265.42
987.5   1265.21
988.5   1264.99
989.5   1264.77
990.5   1264.56
991.5   1264.34
992.5   1264.12
993.5   1263.91
994.5   1263.69
995.5   1263.47
996.5   1263.26
997.5   1263.04
998.5   1262.82
999.5   1262.6
1000.5   1262.39
1001.5   1262.17
1002.5   1261.95
1003.5   1261.73
1004.5   1261.51
1005.5   1261.29
1006.5   1261.08
1007.5   1260.86
1008.5   1260.64
1009.5   1260.42
1010.5   1260.2
1011.5   1259.98
1012.5   1259.76
1013.5   1259.54
1014.5   1259.32
1015.5   1259.1
1016.5   1258.88
1017.5   1258.66
1018.5   1258.44
1019.5   1258.22
1020.5   1258
1021.5   1257.78
1022.5   1257.56
1023.5   1257.34
1024.5   1257.12
1025.5   1256.89
1026.5   1256.67
1027.5   1256.45
1028.5   1256.23
1029.5   1256.01
1030.5   1255.79
1031.5   1255.56
1032.5   1255.34
1033.5   1255.12
1034.5   1254.9
1035.5   1254.67
1036.5   1254.45
1037.5   1254.23
1038.5   1254
1039.5   1253.78
1040.5   1253.56
1041.5   1253.33
1042.5   1253.11
1043.5   1252.89
1044.5   1252.66
1045.5   1252.44
1046.5   1252.21
1047.5   1251.99
1048.5   1251.76
1049.5   1251.54
1050.5   1251.31
1051.5   1251.09
1052.5   1250.86
1053.5   1250.64
1054.5   1250.41
1055.5   1250.19
1056.5   1249.96
1057.5   1249.73
1058.5   1249.51
1059.5   1249.28
1060.5   1249.06
1061.5   1248.83
1062.5   1248.6
1063.5   1248.38
1064.5   1248.15
1065.5   1247.92
1066.5   1247.69
1067.5   1247.47
1068.5   1247.24
1069.5   1247.01
1070.5   1246.78
1071.5   1246.55
1072.5   1246.33
1073.5   1246.1
1074.5   1245.87
1075.5   1245.64
1076.5   1245.41
1077.5   1245.18
1078.5   1244.95
1079.5   1244.72
1080.5   1244.49
1081.5   1244.27
1082.5   1244.04
1083.5   1243.81
1084.5   1243.58
1085.5   1243.35
1086.5   1243.11
1087.5   1242.88
1088.5   1242.65
1089.5   1242.42
1090.5   1242.19
1091.5   1241.96
1092.5   1241.73
1093.5   1241.5
1094.5   1241.27
1095.5   1241.03
1096.5   1240.8
1097.5   1240.57
1098.5   1240.34
1099.5   1240.11
1100.5   1239.87
1101.5   1239.64
1102.5   1239.41
1103.5   1239.18
1104.5   1238.94
1105.5   1238.71
1106.5   1238.48
1107.5   1238.24
1108.5   1238.01
1109.5   1237.77
1110.5   1237.54
1111.5   1237.31
1112.5   1237.07
1113.5   1236.84
1114.5   1236.6
1115.5   1236.37
1116.5   1236.13
1117.5   1235.9
1118.5   1235.66
1119.5   1235.43
1120.5   1235.19
1121.5   1234.96
1122.5   1234.72
1123.5   1234.48
1124.5   1234.25
1125.5   1234.01
1126.5   1233.78
1127.5   1233.54
1128.5   1233.3
1129.5   1233.07
1130.5   1232.83
1131.5   1232.59
1132.5   1232.35
1133.5   1232.12
1134.5   1231.88
1135.5   1231.64
1136.5   1231.4
1137.5   1231.16
1138.5   1230.93
1139.5   1230.69
1140.5   1230.45
1141.5   1230.21
1142.5   1229.97
1143.5   1229.73
1144.5   1229.49
1145.5   1229.25
1146.5   1229.01
1147.5   1228.77
1148.5   1228.53
1149.5   1228.29
1150.5   1228.05
1151.5   1227.81
1152.5   1227.57
1153.5   1227.33
1154.5   1227.09
1155.5   1226.85
1156.5   1226.61
1157.5   1226.37
1158.5   1226.13
1159.5   1225.88
1160.5   1225.64
1161.5   1225.4
1162.5   1225.16
1163.5   1224.92
1164.5   1224.67
1165.5   1224.43
1166.5   1224.19
1167.5   1223.95
1168.5   1223.7
1169.5   1223.46
1170.5   1223.22
1171.5   1222.97
1172.5   1222.73
1173.5   1222.48
1174.5   1222.24
1175.5   1222
1176.5   1221.75
1177.5   1221.51
1178.5   1221.26
1179.5   1221.02
1180.5   1220.77
1181.5   1220.53
1182.5   1220.28
1183.5   1220.04
1184.5   1219.79
1185.5   1219.55
1186.5   1219.3
1187.5   1219.05
1188.5   1218.81
1189.5   1218.56
1190.5   1218.31
1191.5   1218.07
1192.5   1217.82
1193.5   1217.57
1194.5   1217.33
1195.5   1217.08
1196.5   1216.83
1197.5   1216.58
1198.5   1216.33
1199.5   1216.09
1200.5   1215.84
1201.5   1215.59
1202.5   1215.34
1203.5   1215.09
1204.5   1214.84
1205.5   1214.59
1206.5   1214.35
1207.5   1214.1
1208.5   1213.85
1209.5   1213.6
1210.5   1213.35
1211.5   1213.1
1212.5   1212.85
1213.5   1212.6
1214.5   1212.35
1215.5   1212.09
1216.5   1211.84
1217.5   1211.59
1218.5   1211.34
1219.5   1211.09
1220.5   1210.84
1221.5   1210.59
1222.5   1210.34
1223.5   1210.08
1224.5   1209.83
1225.5   1209.58
1226.5   1209.33
1227.5   1209.07
1228.5   1208.82
1229.5   1208.57
1230.5   1208.31
1231.5   1208.06
1232.5   1207.81
1233.5   1207.55
1234.5   1207.3
1235.5   1207.05
1236.5   1206.79
1237.5   1206.54
1238.5   1206.28
1239.5   1206.03
1240.5   1205.77
1241.5   1205.52
1242.5   1205.26
1243.5   1205.01
1244.5   1204.75
1245.5   1204.5
1246.5   1204.24
1247.5   1203.98
1248.5   1203.73
1249.5   1203.47
1250.5   1203.21
1251.5   1202.96
1252.5   1202.7
1253.5   1202.44
1254.5   1202.19
1255.5   1201.93
1256.5   1201.67
1257.5   1201.41
1258.5   1201.16
1259.5   1200.9
1260.5   1200.64
1261.5   1200.38
1262.5   1200.12
1263.5   1199.86
1264.5   1199.6
1265.5   1199.35
1266.5   1199.09
1267.5   1198.83
1268.5   1198.57
1269.5   1198.31
1270.5   1198.05
1271.5   1197.79
1272.5   1197.53
1273.5   1197.27
1274.5   1197.01
1275.5   1196.74
1276.5   1196.48
1277.5   1196.22
1278.5   1195.96
1279.5   1195.7
1280.5   1195.44
1281.5   1195.18
1282.5   1194.91
1283.5   1194.65
1284.5   1194.39
1285.5   1194.13
1286.5   1193.86
1287.5   1193.6
1288.5   1193.34
1289.5   1193.07
1290.5   1192.81
1291.5   1192.55
1292.5   1192.28
1293.5   1192.02
1294.5   1191.76
1295.5   1191.49
1296.5   1191.23
1297.5   1190.96
1298.5   1190.7
1299.5   1190.43
1300.5   1190.17
1301.5   1189.9
1302.5   1189.64
1303.5   1189.37
1304.5   1189.1
1305.5   1188.84
1306.5   1188.57
1307.5   1188.31
1308.5   1188.04
1309.5   1187.77
1310.5   1187.5
1311.5   1187.24
1312.5   1186.97
1313.5   1186.7
1314.5   1186.44
1315.5   1186.17
1316.5   1185.9
1317.5   1185.63
1318.5   1185.36
1319.5   1185.09
1320.5   1184.83
1321.5   1184.56
1322.5   1184.29
1323.5   1184.02
1324.5   1183.75
1325.5   1183.48
1326.5   1183.21
1327.5   1182.94
1328.5   1182.67
1329.5   1182.4
1330.5   1182.13
1331.5   1181.86
1332.5   1181.59
1333.5   1181.32
1334.5   1181.04
1335.5   1180.77
1336.5   1180.5
1337.5   1180.23
1338.5   1179.96
1339.5   1179.69
1340.5   1179.41
1341.5   1179.14
1342.5   1178.87
1343.5   1178.6
1344.5   1178.32
1345.5   1178.05
1346.5   1177.78
1347.5   1177.5
1348.5   1177.23
1349.5   1176.95
1350.5   1176.68
1351.5   1176.41
1352.5   1176.13
1353.5   1175.86
1354.5   1175.58
1355.5   1175.31
1356.5   1175.03
1357.5   1174.76
1358.5   1174.48
1359.5   1174.2
1360.5   1173.93
1361.5   1173.65
1362.5   1173.38
1363.5   1173.1
1364.5   1172.82
1365.5   1172.55
1366.5   1172.27
1367.5   1171.99
1368.5   1171.71
1369.5   1171.44
1370.5   1171.16
1371.5   1170.88
1372.5   1170.6
1373.5   1170.32
1374.5   1170.05
1375.5   1169.77
1376.5   1169.49
1377.5   1169.21
1378.5   1168.93
1379.5   1168.65
1380.5   1168.37
1381.5   1168.09
1382.5   1167.81
1383.5   1167.53
1384.5   1167.25
1385.5   1166.97
1386.5   1166.69
1387.5   1166.41
1388.5   1166.13
1389.5   1165.85
1390.5   1165.56
1391.5   1165.28
1392.5   1165
1393.5   1164.72
1394.5   1164.44
1395.5   1164.15
1396.5   1163.87
1397.5   1163.59
1398.5   1163.31
1399.5   1163.02
1400.5   1162.74
1401.5   1162.46
1402.5   1162.17
1403.5   1161.89
1404.5   1161.6
1405.5   1161.32
1406.5   1161.03
1407.5   1160.75
1408.5   1160.46
1409.5   1160.18
1410.5   1159.89
1411.5   1159.61
1412.5   1159.32
1413.5   1159.04
1414.5   1158.75
1415.5   1158.47
1416.5   1158.18
1417.5   1157.89
1418.5   1157.61
1419.5   1157.32
1420.5   1157.03
1421.5   1156.74
1422.5   1156.46
1423.5   1156.17
1424.5   1155.88
1425.5   1155.59
1426.5   1155.3
1427.5   1155.02
1428.5   1154.73
1429.5   1154.44
1430.5   1154.15
1431.5   1153.86
1432.5   1153.57
1433.5   1153.28
1434.5   1152.99
1435.5   1152.7
1436.5   1152.41
1437.5   1152.12
1438.5   1151.83
1439.5   1151.54
1440.5   1151.25
1441.5   1150.96
1442.5   1150.66
1443.5   1150.37
1444.5   1150.08
1445.5   1149.79
1446.5   1149.5
1447.5   1149.2
1448.5   1148.91
1449.5   1148.62
1450.5   1148.33
1451.5   1148.03
1452.5   1147.74
1453.5   1147.45
1454.5   1147.15
1455.5   1146.86
1456.5   1146.56
1457.5   1146.27
1458.5   1145.98
1459.5   1145.68
1460.5   1145.39
1461.5   1145.09
1462.5   1144.8
1463.5   1144.5
1464.5   1144.2
1465.5   1143.91
1466.5   1143.61
1467.5   1143.32
1468.5   1143.02
1469.5   1142.72
1470.5   1142.43
1471.5   1142.13
1472.5   1141.83
1473.5   1141.53
1474.5   1141.24
1475.5   1140.94
1476.5   1140.64
1477.5   1140.34
1478.5   1140.04
1479.5   1139.74
1480.5   1139.45
1481.5   1139.15
1482.5   1138.85
1483.5   1138.55
1484.5   1138.25
1485.5   1137.95
1486.5   1137.65
1487.5   1137.35
1488.5   1137.05
1489.5   1136.75
1490.5   1136.45
1491.5   1136.14
1492.5   1135.84
1493.5   1135.54
1494.5   1135.24
1495.5   1134.94
1496.5   1134.64
1497.5   1134.33
1498.5   1134.03
1499.5   1133.73
1500.5   1133.43
1501.5   1133.12
1502.5   1132.82
1503.5   1132.52
1504.5   1132.21
1505.5   1131.91
1506.5   1131.6
1507.5   1131.3
1508.5   1131
1509.5   1130.69
1510.5   1130.39
1511.5   1130.08
1512.5   1129.78
1513.5   1129.47
1514.5   1129.16
1515.5   1128.86
1516.5   1128.55
1517.5   1128.25
1518.5   1127.94
1519.5   1127.63
1520.5   1127.33
1521.5   1127.02
1522.5   1126.71
1523.5   1126.4
1524.5   1126.1
1525.5   1125.79
1526.5   1125.48
1527.5   1125.17
1528.5   1124.86
1529.5   1124.55
1530.5   1124.24
1531.5   1123.94
1532.5   1123.63
1533.5   1123.32
1534.5   1123.01
1535.5   1122.7
1536.5   1122.39
1537.5   1122.08
1538.5   1121.77
1539.5   1121.45
1540.5   1121.14
1541.5   1120.83
1542.5   1120.52
1543.5   1120.21
1544.5   1119.9
1545.5   1119.58
1546.5   1119.27
1547.5   1118.96
1548.5   1118.65
1549.5   1118.33
1550.5   1118.02
1551.5   1117.71
1552.5   1117.39
1553.5   1117.08
1554.5   1116.77
1555.5   1116.45
1556.5   1116.14
1557.5   1115.82
1558.5   1115.51
1559.5   1115.19
1560.5   1114.88
1561.5   1114.56
1562.5   1114.25
1563.5   1113.93
1564.5   1113.61
1565.5   1113.3
1566.5   1112.98
1567.5   1112.66
1568.5   1112.35
1569.5   1112.03
1570.5   1111.71
1571.5   1111.4
1572.5   1111.08
1573.5   1110.76
1574.5   1110.44
1575.5   1110.12
1576.5   1109.8
1577.5   1109.49
1578.5   1109.17
1579.5   1108.85
1580.5   1108.53
1581.5   1108.21
1582.5   1107.89
1583.5   1107.57
1584.5   1107.25
1585.5   1106.93
1586.5   1106.61
1587.5   1106.29
1588.5   1105.96
1589.5   1105.64
1590.5   1105.32
1591.5   1105
1592.5   1104.68
1593.5   1104.35
1594.5   1104.03
1595.5   1103.71
1596.5   1103.39
1597.5   1103.06
1598.5   1102.74
1599.5   1102.42
1600.5   1102.09
1601.5   1101.77
1602.5   1101.44
1603.5   1101.12
1604.5   1100.8
1605.5   1100.47
1606.5   1100.15
1607.5   1099.82
1608.5   1099.49
1609.5   1099.17
1610.5   1098.84
1611.5   1098.52
1612.5   1098.19
1613.5   1097.86
1614.5   1097.54
1615.5   1097.21
1616.5   1096.88
1617.5   1096.55
1618.5   1096.23
1619.5   1095.9
1620.5   1095.57
1621.5   1095.24
1622.5   1094.91
1623.5   1094.59
1624.5   1094.26
1625.5   1093.93
1626.5   1093.6
1627.5   1093.27
1628.5   1092.94
1629.5   1092.61
1630.5   1092.28
1631.5   1091.95
1632.5   1091.62
1633.5   1091.29
1634.5   1090.95
1635.5   1090.62
1636.5   1090.29
1637.5   1089.96
1638.5   1089.63
1639.5   1089.29
1640.5   1088.96
1641.5   1088.63
1642.5   1088.3
1643.5   1087.96
1644.5   1087.63
1645.5   1087.3
1646.5   1086.96
1647.5   1086.63
1648.5   1086.29
1649.5   1085.96
1650.5   1085.62
1651.5   1085.29
1652.5   1084.95
1653.5   1084.62
1654.5   1084.28
1655.5   1083.95
1656.5   1083.61
1657.5   1083.27
1658.5   1082.94
1659.5   1082.6
1660.5   1082.26
1661.5   1081.93
1662.5   1081.59
1663.5   1081.25
1664.5   1080.91
1665.5   1080.57
1666.5   1080.24
1667.5   1079.9
1668.5   1079.56
1669.5   1079.22
1670.5   1078.88
1671.5   1078.54
1672.5   1078.2
1673.5   1077.86
1674.5   1077.52
1675.5   1077.18
1676.5   1076.84
1677.5   1076.5
1678.5   1076.16
1679.5   1075.82
1680.5   1075.48
1681.5   1075.13
1682.5   1074.79
1683.5   1074.45
1684.5   1074.11
1685.5   1073.76
1686.5   1073.42
1687.5   1073.08
1688.5   1072.73
1689.5   1072.39
1690.5   1072.05
1691.5   1071.7
1692.5   1071.36
1693.5   1071.01
1694.5   1070.67
1695.5   1070.32
1696.5   1069.98
1697.5   1069.63
1698.5   1069.29
1699.5   1068.94
1700.5   1068.6
1701.5   1068.25
1702.5   1067.9
1703.5   1067.56
1704.5   1067.21
1705.5   1066.86
1706.5   1066.51
1707.5   1066.17
1708.5   1065.82
1709.5   1065.47
1710.5   1065.12
1711.5   1064.77
1712.5   1064.42
1713.5   1064.07
1714.5   1063.72
1715.5   1063.38
1716.5   1063.03
1717.5   1062.68
1718.5   1062.32
1719.5   1061.97
1720.5   1061.62
1721.5   1061.27
1722.5   1060.92
1723.5   1060.57
1724.5   1060.22
1725.5   1059.87
1726.5   1059.51
1727.5   1059.16
1728.5   1058.81
1729.5   1058.46
1730.5   1058.1
1731.5   1057.75
1732.5   1057.4
1733.5   1057.04
1734.5   1056.69
1735.5   1056.33
1736.5   1055.98
1737.5   1055.62
1738.5   1055.27
1739.5   1054.91
1740.5   1054.56
1741.5   1054.2
1742.5   1053.85
1743.5   1053.49
1744.5   1053.13
1745.5   1052.78
1746.5   1052.42
1747.5   1052.06
1748.5   1051.7
1749.5   1051.35
1750.5   1050.99
1751.5   1050.63
1752.5   1050.27
1753.5   1049.91
1754.5   1049.55
1755.5   1049.2
1756.5   1048.84
1757.5   1048.48
1758.5   1048.12
1759.5   1047.76
1760.5   1047.4
1761.5   1047.04
1762.5   1046.68
1763.5   1046.31
1764.5   1045.95
1765.5   1045.59
1766.5   1045.23
1767.5   1044.87
1768.5   1044.51
1769.5   1044.14
1770.5   1043.78
1771.5   1043.42
1772.5   1043.05
1773.5   1042.69
1774.5   1042.33
1775.5   1041.96
1776.5   1041.6
1777.5   1041.23
1778.5   1040.87
1779.5   1040.5
1780.5   1040.14
1781.5   1039.77
1782.5   1039.41
1783.5   1039.04
1784.5   1038.68
1785.5   1038.31
1786.5   1037.94
1787.5   1037.58
1788.5   1037.21
1789.5   1036.84
1790.5   1036.47
1791.5   1036.11
1792.5   1035.74
1793.5   1035.37
1794.5   1035
1795.5   1034.63
1796.5   1034.26
1797.5   1033.89
1798.5   1033.53
1799.5   1033.16
1800.5   1032.79
1801.5   1032.42
1802.5   1032.04
1803.5   1031.67
1804.5   1031.3
1805.5   1030.93
1806.5   1030.56
1807.5   1030.19
1808.5   1029.82
1809.5   1029.44
1810.5   1029.07
1811.5   1028.7
1812.5   1028.33
1813.5   1027.95
1814.5   1027.58
1815.5   1027.2
1816.5   1026.83
1817.5   1026.46
1818.5   1026.08
1819.5   1025.71
1820.5   1025.33
1821.5   1024.96
1822.5   1024.58
1823.5   1024.21
1824.5   1023.83
1825.5   1023.45
1826.5   1023.08
1827.5   1022.7
1828.5   1022.32
1829.5   1021.95
1830.5   1021.57
1831.5   1021.19
1832.5   1020.81
1833.5   1020.43
1834.5   1020.06
1835.5   1019.68
1836.5   1019.3
1837.5   1018.92
1838.5   1018.54
1839.5   1018.16
1840.5   1017.78
1841.5   1017.4
1842.5   1017.02
1843.5   1016.64
1844.5   1016.26
1845.5   1015.88
1846.5   1015.49
1847.5   1015.11
1848.5   1014.73
1849.5   1014.35
1850.5   1013.97
1851.5   1013.58
1852.5   1013.2
1853.5   1012.82
1854.5   1012.43
1855.5   1012.05
1856.5   1011.66
1857.5   1011.28
1858.5   1010.9
1859.5   1010.51
1860.5   1010.13
1861.5   1009.74
1862.5   1009.35
1863.5   1008.97
1864.5   1008.58
1865.5   1008.2
1866.5   1007.81
1867.5   1007.42
1868.5   1007.04
1869.5   1006.65
1870.5   1006.26
1871.5   1005.87
1872.5   1005.48
1873.5   1005.1
1874.5   1004.71
1875.5   1004.32
1876.5   1003.93
1877.5   1003.54
1878.5   1003.15
1879.5   1002.76
1880.5   1002.37
1881.5   1001.98
1882.5   1001.59
1883.5   1001.2
1884.5   1000.81
1885.5   1000.41
1886.5   1000.02
1887.5   999.63
1888.5   999.238
1889.5   998.845
1890.5   998.453
1891.5   998.059
1892.5   997.666
1893.5   997.272
1894.5   996.879
1895.5   996.484
1896.5   996.09
1897.5   995.695
1898.5   995.3
1899.5   994.905
1900.5   994.51
1901.5   994.114
1902.5   993.718
1903.5   993.322
1904.5   992.925
1905.5   992.528
1906.5   992.131
1907.5   991.734
1908.5   991.337
1909.5   990.939
1910.5   990.541
1911.5   990.142
1912.5   989.744
1913.5   989.345
1914.5   988.946
1915.5   988.546
1916.5   988.147
1917.5   987.747
1918.5   987.346
1919.5   986.946
1920.5   986.545
1921.5   986.144
1922.5   985.743
1923.5   985.341
1924.5   984.94
1925.5   984.538
1926.5   984.135
1927.5   983.733
1928.5   983.33
1929.5   982.927
1930.5   982.523
1931.5   982.12
1932.5   981.716
1933.5   981.312
1934.5   980.907
1935.5   980.502
1936.5   980.097
1937.5   979.692
1938.5   979.287
1939.5   978.881
1940.5   978.475
1941.5   978.069
1942.5   977.662
1943.5   977.255
1944.5   976.848
1945.5   976.441
1946.5   976.033
1947.5   975.625
1948.5   975.217
1949.5   974.808
1950.5   974.4
1951.5   973.991
1952.5   973.581
1953.5   973.172
1954.5   972.762
1955.5   972.352
1956.5   971.942
1957.5   971.531
1958.5   971.12
1959.5   970.709
1960.5   970.297
1961.5   969.886
1962.5   969.474
1963.5   969.061
1964.5   968.649
1965.5   968.236
1966.5   967.823
1967.5   967.41
1968.5   966.996
1969.5   966.582
1970.5   966.168
1971.5   965.754
1972.5   965.339
1973.5   964.924
1974.5   964.509
1975.5   964.093
1976.5   963.678
1977.5   963.261
1978.5   962.845
1979.5   962.429
1980.5   962.012
1981.5   961.595
1982.5   961.177
1983.5   960.759
1984.5   960.341
1985.5   959.923
1986.5   959.505
1987.5   959.086
1988.5   958.667
1989.5   958.247
1990.5   957.828
1991.5   957.408
1992.5   956.988
1993.5   956.567
1994.5   956.147
1995.5   955.726
1996.5   955.304
1997.5   954.883
1998.5   954.461
1999.5   954.039
2000.5   953.616
2001.5   953.194
2002.5   952.771
2003.5   952.348
2004.5   951.924
2005.5   951.5
2006.5   951.076
2007.5   950.652
2008.5   950.228
2009.5   949.803
2010.5   949.377
2011.5   948.952
2012.5   948.526
2013.5   948.1
2014.5   947.674
2015.5   947.248
2016.5   946.821
2017.5   946.394
2018.5   945.966
2019.5   945.539
2020.5   945.111
2021.5   944.683
2022.5   944.254
2023.5   943.825
2024.5   943.396
2025.5   942.967
2026.5   942.537
2027.5   942.107
2028.5   941.677
2029.5   941.247
2030.5   940.816
2031.5   940.385
2032.5   939.954
2033.5   939.522
2034.5   939.09
2035.5   938.658
2036.5   938.226
2037.5   937.793
2038.5   937.36
2039.5   936.927
2040.5   936.493
2041.5   936.059
2042.5   935.625
2043.5   935.191
2044.5   934.756
2045.5   934.321
2046.5   933.886
2047.5   933.451
2048.5   933.015
2049.5   932.579
2050.5   932.142
2051.5   931.706
2052.5   931.269
2053.5   930.831
2054.5   930.394
2055.5   929.956
2056.5   929.518
2057.5   929.08
2058.5   928.641
2059.5   928.202
2060.5   927.763
2061.5   927.324
2062.5   926.884
2063.5   926.444
2064.5   926.003
2065.5   925.563
2066.5   925.122
2067.5   924.681
2068.5   924.239
2069.5   923.797
2070.5   923.355
2071.5   922.913
2072.5   922.47
2073.5   922.027
2074.5   921.584
2075.5   921.141
2076.5   920.697
2077.5   920.253
2078.5   919.808
2079.5   919.364
2080.5   918.919
2081.5   918.474
2082.5   918.028
2083.5   917.582
2084.5   917.136
2085.5   916.69
2086.5   916.243
2087.5   915.796
2088.5   915.349
2089.5   914.902
2090.5   914.454
2091.5   914.006
2092.5   913.557
2093.5   913.109
2094.5   912.66
2095.5   912.211
2096.5   911.761
2097.5   911.311
2098.5   910.861
2099.5   910.411
2100.5   909.96
2101.5   909.509
2102.5   909.058
2103.5   908.606
2104.5   908.154
2105.5   907.702
2106.5   907.25
2107.5   906.797
2108.5   906.344
2109.5   905.891
2110.5   905.437
2111.5   904.983
2112.5   904.529
2113.5   904.075
2114.5   903.62
2115.5   903.165
2116.5   902.709
2117.5   902.254
2118.5   901.798
2119.5   901.342
2120.5   900.885
2121.5   900.428
2122.5   899.971
2123.5   899.514
2124.5   899.056
2125.5   898.598
2126.5   898.14
2127.5   897.681
2128.5   897.223
2129.5   896.763
2130.5   896.304
2131.5   895.844
2132.5   895.384
2133.5   894.924
2134.5   894.463
2135.5   894.002
2136.5   893.541
2137.5   893.08
2138.5   892.618
2139.5   892.156
2140.5   891.694
2141.5   891.231
2142.5   890.768
2143.5   890.305
2144.5   889.841
2145.5   889.377
2146.5   888.913
2147.5   888.449
2148.5   887.984
2149.5   887.519
2150.5   887.054
2151.5   886.588
2152.5   886.122
2153.5   885.656
2154.5   885.189
2155.5   884.723
2156.5   884.256
2157.5   883.788
2158.5   883.32
2159.5   882.853
2160.5   882.384
2161.5   881.916
2162.5   881.447
2163.5   880.978
2164.5   880.508
2165.5   880.038
2166.5   879.568
2167.5   879.098
2168.5   878.627
2169.5   878.156
2170.5   877.685
2171.5   877.214
2172.5   876.742
2173.5   876.27
2174.5   875.797
2175.5   875.325
2176.5   874.851
2177.5   874.378
2178.5   873.905
2179.5   873.431
2180.5   872.956
2181.5   872.482
2182.5   872.007
2183.5   871.532
2184.5   871.057
2185.5   870.581
2186.5   870.105
2187.5   869.629
2188.5   869.152
2189.5   868.675
2190.5   868.198
2191.5   867.72
2192.5   867.242
2193.5   866.764
2194.5   866.286
2195.5   865.807
2196.5   865.328
2197.5   864.849
2198.5   864.369
2199.5   863.889
2200.5   863.409
2201.5   862.929
2202.5   862.448
2203.5   861.967
2204.5   861.485
2205.5   861.004
2206.5   860.522
2207.5   860.039
2208.5   859.557
2209.5   859.074
2210.5   858.591
2211.5   858.107
2212.5   857.623
2213.5   857.139
2214.5   856.655
2215.5   856.17
2216.5   855.685
2217.5   855.2
2218.5   854.714
2219.5   854.228
2220.5   853.742
2221.5   853.256
2222.5   852.769
2223.5   852.282
2224.5   851.794
2225.5   851.306
2226.5   850.818
2227.5   850.33
2228.5   849.841
2229.5   849.352
2230.5   848.863
2231.5   848.374
2232.5   847.884
2233.5   847.394
2234.5   846.903
2235.5   846.412
2236.5   845.921
2237.5   845.43
2238.5   844.938
2239.5   844.446
2240.5   843.954
2241.5   843.462
2242.5   842.969
2243.5   842.476
2244.5   841.982
2245.5   841.488
2246.5   840.994
2247.5   840.5
2248.5   840.005
2249.5   839.51
2250.5   839.015
2251.5   838.519
2252.5   838.023
2253.5   837.527
2254.5   837.031
2255.5   836.534
2256.5   836.037
2257.5   835.539
2258.5   835.041
2259.5   834.543
2260.5   834.045
2261.5   833.546
2262.5   833.047
2263.5   832.548
2264.5   832.049
2265.5   831.549
2266.5   831.049
2267.5   830.548
2268.5   830.047
2269.5   829.546
2270.5   829.045
2271.5   828.543
2272.5   828.041
2273.5   827.539
2274.5   827.036
2275.5   826.533
2276.5   826.03
2277.5   825.527
2278.5   825.023
2279.5   824.519
2280.5   824.014
2281.5   823.509
2282.5   823.004
2283.5   822.499
2284.5   821.993
2285.5   821.487
2286.5   820.981
2287.5   820.475
2288.5   819.968
2289.5   819.46
2290.5   818.953
2291.5   818.445
2292.5   817.937
2293.5   817.429
2294.5   816.92
2295.5   816.411
2296.5   815.902
2297.5   815.392
2298.5   814.882
2299.5   814.372
2300.5   813.861
2301.5   813.35
2302.5   812.839
2303.5   812.328
2304.5   811.816
2305.5   811.304
2306.5   810.791
2307.5   810.279
2308.5   809.766
2309.5   809.252
2310.5   808.739
2311.5   808.225
2312.5   807.711
2313.5   807.196
2314.5   806.681
2315.5   806.166
2316.5   805.651
2317.5   805.135
2318.5   804.619
2319.5   804.102
2320.5   803.586
2321.5   803.069
2322.5   802.552
2323.5   802.034
2324.5   801.516
2325.5   800.998
2326.5   800.479
2327.5   799.96
2328.5   799.441
2329.5   798.922
2330.5   798.402
2331.5   797.882
2332.5   797.362
2333.5   796.841
2334.5   796.32
2335.5   795.799
2336.5   795.277
2337.5   794.755
2338.5   794.233
2339.5   793.711
2340.5   793.188
2341.5   792.665
2342.5   792.141
2343.5   791.618
2344.5   791.094
2345.5   790.569
2346.5   790.045
2347.5   789.52
2348.5   788.994
2349.5   788.469
2350.5   787.943
2351.5   787.417
2352.5   786.89
2353.5   786.363
2354.5   785.836
2355.5   785.309
2356.5   784.781
2357.5   784.253
2358.5   783.725
2359.5   783.196
2360.5   782.667
2361.5   782.138
2362.5   781.608
2363.5   781.079
2364.5   780.548
2365.5   780.018
2366.5   779.487
2367.5   778.956
2368.5   778.425
2369.5   777.893
2370.5   777.361
2371.5   776.829
2372.5   776.296
2373.5   775.763
2374.5   775.23
2375.5   774.696
2376.5   774.162
2377.5   773.628
2378.5   773.094
2379.5   772.559
2380.5   772.024
2381.5   771.489
2382.5   770.953
2383.5   770.417
2384.5   769.881
2385.5   769.344
2386.5   768.807
2387.5   768.27
2388.5   767.732
2389.5   767.195
2390.5   766.657
2391.5   766.118
2392.5   765.579
2393.5   765.04
2394.5   764.501
2395.5   763.961
2396.5   763.421
2397.5   762.881
2398.5   762.341
2399.5   761.8
2400.5   761.259
2401.5   760.717
2402.5   760.175
2403.5   759.633
2404.5   759.091
2405.5   758.548
2406.5   758.005
2407.5   757.462
2408.5   756.918
2409.5   756.374
2410.5   755.83
2411.5   755.285
2412.5   754.741
2413.5   754.195
2414.5   753.65
2415.5   753.104
2416.5   752.558
2417.5   752.012
2418.5   751.465
2419.5   750.918
2420.5   750.371
2421.5   749.823
2422.5   749.276
2423.5   748.727
2424.5   748.179
2425.5   747.63
2426.5   747.081
2427.5   746.532
2428.5   745.982
2429.5   745.432
2430.5   744.882
2431.5   744.331
2432.5   743.78
2433.5   743.229
2434.5   742.677
2435.5   742.126
2436.5   741.573
2437.5   741.021
2438.5   740.468
2439.5   739.915
2440.5   739.362
2441.5   738.808
2442.5   738.254
2443.5   737.7
2444.5   737.146
2445.5   736.591
2446.5   736.036
2447.5   735.48
2448.5   734.925
2449.5   734.369
2450.5   733.812
2451.5   733.256
2452.5   732.699
2453.5   732.141
2454.5   731.584
2455.5   731.026
2456.5   730.468
2457.5   729.909
2458.5   729.351
2459.5   728.792
2460.5   728.232
2461.5   727.673
2462.5   727.113
2463.5   726.552
2464.5   725.992
2465.5   725.431
2466.5   724.87
2467.5   724.308
2468.5   723.747
2469.5   723.185
2470.5   722.622
2471.5   722.06
2472.5   721.497
2473.5   720.934
2474.5   720.37
2475.5   719.806
2476.5   719.242
2477.5   718.678
2478.5   718.113
2479.5   717.548
2480.5   716.983
2481.5   716.417
2482.5   715.851
2483.5   715.285
2484.5   714.718
2485.5   714.152
2486.5   713.585
2487.5   713.017
2488.5   712.45
2489.5   711.882
2490.5   711.313
2491.5   710.745
2492.5   710.176
2493.5   709.607
2494.5   709.037
2495.5   708.467
2496.5   707.897
2497.5   707.327
2498.5   706.756
2499.5   706.186
2500.5   705.614
2501.5   705.043
2502.5   704.471
2503.5   703.899
2504.5   703.327
2505.5   702.754
2506.5   702.181
2507.5   701.608
2508.5   701.034
2509.5   700.46
2510.5   699.886
2511.5   699.312
2512.5   698.737
2513.5   698.162
2514.5   697.586
2515.5   697.011
2516.5   696.435
2517.5   695.859
2518.5   695.282
2519.5   694.706
2520.5   694.128
2521.5   693.551
2522.5   692.974
2523.5   692.396
2524.5   691.817
2525.5   691.239
2526.5   690.66
2527.5   690.081
2528.5   689.502
2529.5   688.922
2530.5   688.342
2531.5   687.762
2532.5   687.181
2533.5   686.6
2534.5   686.019
2535.5   685.438
2536.5   684.856
2537.5   684.274
2538.5   683.692
2539.5   683.11
2540.5   682.527
2541.5   681.944
2542.5   681.36
2543.5   680.777
2544.5   680.193
2545.5   679.608
2546.5   679.024
2547.5   678.439
2548.5   677.854
2549.5   677.269
2550.5   676.683
2551.5   676.097
2552.5   675.511
2553.5   674.924
2554.5   674.338
2555.5   673.75
2556.5   673.163
2557.5   672.575
2558.5   671.988
2559.5   671.399
2560.5   670.811
2561.5   670.222
2562.5   669.633
2563.5   669.044
2564.5   668.454
2565.5   667.864
2566.5   667.274
2567.5   666.684
2568.5   666.093
2569.5   665.502
2570.5   664.911
2571.5   664.319
2572.5   663.727
2573.5   663.135
2574.5   662.543
2575.5   661.95
2576.5   661.357
2577.5   660.764
2578.5   660.171
2579.5   659.577
2580.5   658.983
2581.5   658.389
2582.5   657.794
2583.5   657.199
2584.5   656.604
2585.5   656.009
2586.5   655.413
2587.5   654.817
2588.5   654.221
2589.5   653.624
2590.5   653.028
2591.5   652.431
2592.5   651.833
2593.5   651.236
2594.5   650.638
2595.5   650.04
2596.5   649.441
2597.5   648.843
2598.5   648.244
2599.5   647.645
2600.5   647.045
2601.5   646.445
2602.5   645.845
2603.5   645.245
2604.5   644.645
2605.5   644.044
2606.5   643.443
2607.5   642.842
2608.5   642.24
2609.5   641.638
2610.5   641.036
2611.5   640.434
2612.5   639.831
2613.5   639.228
2614.5   638.625
2615.5   638.021
2616.5   637.418
2617.5   636.814
2618.5   636.21
2619.5   635.605
2620.5   635
2621.5   634.395
2622.5   633.79
2623.5   633.185
2624.5   632.579
2625.5   631.973
2626.5   631.366
2627.5   630.76
2628.5   630.153
2629.5   629.546
2630.5   628.939
2631.5   628.331
2632.5   627.723
2633.5   627.115
2634.5   626.507
2635.5   625.898
2636.5   625.289
2637.5   624.68
2638.5   624.071
2639.5   623.461
2640.5   622.851
2641.5   622.241
2642.5   621.631
2643.5   621.02
2644.5   620.409
2645.5   619.798
2646.5   619.187
2647.5   618.575
2648.5   617.963
2649.5   617.351
2650.5   616.739
2651.5   616.126
2652.5   615.513
2653.5   614.9
2654.5   614.287
2655.5   613.673
2656.5   613.059
2657.5   612.445
2658.5   611.831
2659.5   611.216
2660.5   610.601
2661.5   609.986
2662.5   609.371
2663.5   608.755
2664.5   608.139
2665.5   607.523
2666.5   606.907
2667.5   606.29
2668.5   605.674
2669.5   605.057
2670.5   604.439
2671.5   603.822
2672.5   603.204
2673.5   602.586
2674.5   601.968
2675.5   601.349
2676.5   600.731
2677.5   600.112
2678.5   599.493
2679.5   598.873
2680.5   598.254
2681.5   597.634
2682.5   597.014
2683.5   596.393
2684.5   595.773
2685.5   595.152
2686.5   594.531
2687.5   593.91
2688.5   593.288
2689.5   592.667
2690.5   592.045
2691.5   591.423
2692.5   590.8
2693.5   590.177
2694.5   589.555
2695.5   588.932
2696.5   588.308
2697.5   587.685
2698.5   587.061
2699.5   586.437
2700.5   585.813
2701.5   585.188
2702.5   584.564
2703.5   583.939
2704.5   583.314
2705.5   582.689
2706.5   582.063
2707.5   581.437
2708.5   580.811
2709.5   580.185
2710.5   579.559
2711.5   578.932
2712.5   578.305
2713.5   577.678
2714.5   577.051
2715.5   576.423
2716.5   575.796
2717.5   575.168
2718.5   574.54
2719.5   573.911
2720.5   573.283
2721.5   572.654
2722.5   572.025
2723.5   571.396
2724.5   570.767
2725.5   570.137
2726.5   569.507
2727.5   568.877
2728.5   568.247
2729.5   567.617
2730.5   566.986
2731.5   566.355
2732.5   565.724
2733.5   565.093
2734.5   564.461
2735.5   563.83
2736.5   563.198
2737.5   562.566
2738.5   561.934
2739.5   561.301
2740.5   560.669
2741.5   560.036
2742.5   559.403
2743.5   558.77
2744.5   558.136
2745.5   557.503
2746.5   556.869
2747.5   556.235
2748.5   555.6
2749.5   554.966
2750.5   554.332
2751.5   553.697
2752.5   553.062
2753.5   552.427
2754.5   551.791
2755.5   551.156
2756.5   550.52
2757.5   549.884
2758.5   549.248
2759.5   548.612
2760.5   547.975
2761.5   547.339
2762.5   546.702
2763.5   546.065
2764.5   545.428
2765.5   544.79
2766.5   544.153
2767.5   543.515
2768.5   542.877
2769.5   542.239
2770.5   541.601
2771.5   540.962
2772.5   540.324
2773.5   539.685
2774.5   539.046
2775.5   538.407
2776.5   537.767
2777.5   537.128
2778.5   536.488
2779.5   535.848
2780.5   535.208
2781.5   534.568
2782.5   533.928
2783.5   533.287
2784.5   532.647
2785.5   532.006
2786.5   531.365
2787.5   530.724
2788.5   530.082
2789.5   529.441
2790.5   528.799
2791.5   528.157
2792.5   527.515
2793.5   526.873
2794.5   526.231
2795.5   525.588
2796.5   524.946
2797.5   524.303
2798.5   523.66
2799.5   523.017
2800.5   522.374
2801.5   521.73
2802.5   521.087
2803.5   520.443
2804.5   519.799
2805.5   519.155
2806.5   518.511
2807.5   517.867
2808.5   517.222
2809.5   516.578
