0.5   231.147
1.5   231.019
2.5   230.892
3.5   230.766
4.5   230.639
5.5   230.512
6.5   230.386
7.5   230.26
8.5   230.134
9.5   230.008
10.5   229.882
11.5   229.757
12.5   229.631
13.5   229.506
14.5   229.381
15.5   229.256
16.5   229.131
17.5   229.007
18.5   228.882
19.5   228.758
20.5   228.634
21.5   228.51
22.5   228.387
23.5   228.263
24.5   228.14
25.5   228.017
26.5   227.894
27.5   227.771
28.5   227.649
29.5   227.526
30.5   227.404
31.5   227.282
32.5   227.16
33.5   227.038
34.5   226.917
35.5   226.796
36.5   226.675
37.5   226.554
38.5   226.433
39.5   226.312
40.5   226.192
41.5   226.072
42.5   225.952
43.5   225.832
44.5   225.713
45.5   225.593
46.5   225.474
47.5   225.355
48.5   225.237
49.5   225.118
50.5   225
51.5   224.882
52.5   224.764
53.5   224.646
54.5   224.529
55.5   224.411
56.5   224.294
57.5   224.178
58.5   224.061
59.5   223.945
60.5   223.828
61.5   223.713
62.5   223.597
63.5   223.481
64.5   223.366
65.5   223.251
66.5   223.136
67.5   223.022
68.5   222.907
69.5   222.793
70.5   222.679
71.5   222.565
72.5   222.452
73.5   222.339
74.5   222.226
75.5   222.113
76.5   222.001
77.5   221.888
78.5   221.776
79.5   221.665
80.5   221.553
81.5   221.442
82.5   221.331
83.5   221.22
84.5   221.11
85.5   221
86.5   220.89
87.5   220.78
88.5   220.67
89.5   220.561
90.5   220.452
91.5   220.344
92.5   220.235
93.5   220.127
94.5   220.019
95.5   219.912
96.5   219.804
97.5   219.697
98.5   219.59
99.5   219.484
100.5   219.378
101.5   219.272
102.5   219.166
103.5   219.061
104.5   218.956
105.5   218.851
106.5   218.747
107.5   218.642
108.5   218.539
109.5   218.435
110.5   218.332
111.5   218.229
112.5   218.126
113.5   218.024
114.5   217.922
115.5   217.82
116.5   217.718
117.5   217.617
118.5   217.516
119.5   217.416
120.5   217.316
121.5   217.216
122.5   217.116
123.5   217.017
124.5   216.918
125.5   216.82
126.5   216.722
127.5   216.624
128.5   216.526
129.5   216.429
130.5   216.332
131.5   216.236
132.5   216.139
133.5   216.044
134.5   215.948
135.5   215.853
136.5   215.758
137.5   215.664
138.5   215.57
139.5   215.476
140.5   215.383
141.5   215.29
142.5   215.198
143.5   215.105
144.5   215.014
145.5   214.922
146.5   214.831
147.5   214.741
148.5   214.65
149.5   214.56
150.5   214.471
151.5   214.382
152.5   214.293
153.5   214.205
154.5   214.117
155.5   214.03
156.5   213.943
157.5   213.856
158.5   213.77
159.5   213.684
160.5   213.599
161.5   213.514
162.5   213.429
163.5   213.345
164.5   213.262
165.5   213.179
166.5   213.096
167.5   213.014
168.5   212.932
169.5   212.85
170.5   212.769
171.5   212.689
172.5   212.609
173.5   212.529
174.5   212.45
175.5   212.372
176.5   212.294
177.5   212.216
178.5   212.139
179.5   212.062
180.5   211.986
181.5   211.911
182.5   211.835
183.5   211.761
184.5   211.687
185.5   211.613
186.5   211.54
187.5   211.467
188.5   211.395
189.5   211.324
190.5   211.253
191.5   211.182
192.5   211.112
193.5   211.043
194.5   210.974
195.5   210.906
196.5   210.838
197.5   210.771
198.5   210.705
199.5   210.639
200.5   210.573
201.5   210.508
202.5   210.444
203.5   210.381
204.5   210.318
205.5   210.255
206.5   210.193
207.5   210.132
208.5   210.071
209.5   210.011
210.5   209.952
211.5   209.893
212.5   209.835
213.5   209.778
214.5   209.721
215.5   209.665
216.5   209.61
217.5   209.555
218.5   209.501
219.5   209.447
220.5   209.395
221.5   209.342
222.5   209.291
223.5   209.24
224.5   209.191
225.5   209.141
226.5   209.093
227.5   209.045
228.5   208.998
229.5   208.952
230.5   208.906
231.5   208.861
232.5   208.817
233.5   208.774
234.5   208.731
235.5   208.69
236.5   208.649
237.5   208.609
238.5   208.569
239.5   208.531
240.5   208.493
241.5   208.456
242.5   208.42
243.5   208.385
244.5   208.35
245.5   208.317
246.5   208.284
247.5   208.253
248.5   208.222
249.5   208.192
250.5   208.162
251.5   208.134
252.5   208.107
253.5   208.081
254.5   208.055
255.5   208.031
256.5   208.007
257.5   207.985
258.5   207.963
259.5   207.942
260.5   207.923
261.5   207.904
262.5   207.886
263.5   207.87
264.5   207.854
265.5   207.839
266.5   207.826
267.5   207.813
268.5   207.802
269.5   207.792
270.5   207.782
271.5   207.774
272.5   207.767
273.5   207.761
274.5   207.756
275.5   207.753
276.5   207.75
277.5   207.749
278.5   207.749
279.5   207.75
280.5   207.752
281.5   207.756
282.5   207.76
283.5   207.766
284.5   207.774
285.5   207.782
286.5   207.792
287.5   207.803
288.5   207.815
289.5   207.829
290.5   207.844
291.5   207.86
292.5   207.878
293.5   207.897
294.5   207.918
295.5   207.94
296.5   207.963
297.5   207.988
298.5   208.014
299.5   208.042
300.5   208.071
301.5   208.102
302.5   208.134
303.5   208.168
304.5   208.204
305.5   208.24
306.5   208.279
307.5   208.319
308.5   208.361
309.5   208.405
310.5   208.45
311.5   208.497
312.5   208.545
313.5   208.595
314.5   208.647
315.5   208.701
316.5   208.757
317.5   208.814
318.5   208.873
319.5   208.935
320.5   208.998
321.5   209.062
322.5   209.129
323.5   209.198
324.5   209.269
325.5   209.342
326.5   209.416
327.5   209.493
328.5   209.572
329.5   209.653
330.5   209.736
331.5   209.821
332.5   209.909
333.5   209.998
334.5   210.09
335.5   210.185
336.5   210.281
337.5   210.38
338.5   210.481
339.5   210.584
340.5   210.69
341.5   210.799
342.5   210.909
343.5   211.023
344.5   211.139
345.5   211.257
346.5   211.378
347.5   211.502
348.5   211.628
349.5   211.757
350.5   211.889
351.5   212.024
352.5   212.162
353.5   212.302
354.5   212.445
355.5   212.592
356.5   212.741
357.5   212.893
358.5   213.048
359.5   213.207
360.5   213.369
361.5   213.534
362.5   213.702
363.5   213.873
364.5   214.048
365.5   214.226
366.5   214.408
367.5   214.593
368.5   214.782
369.5   214.974
370.5   215.17
371.5   215.37
372.5   215.573
373.5   215.781
374.5   215.992
375.5   216.207
376.5   216.426
377.5   216.65
378.5   216.877
379.5   217.109
380.5   217.345
381.5   217.585
382.5   217.83
383.5   218.079
384.5   218.333
385.5   218.591
386.5   218.854
387.5   219.122
388.5   219.394
389.5   219.672
390.5   219.955
391.5   220.242
392.5   220.535
393.5   220.834
394.5   221.137
395.5   221.446
396.5   221.761
397.5   222.081
398.5   222.407
399.5   222.739
400.5   223.077
401.5   223.421
402.5   223.771
403.5   224.127
404.5   224.49
405.5   224.859
406.5   225.235
407.5   225.618
408.5   226.007
409.5   226.404
410.5   226.808
411.5   227.218
412.5   227.637
413.5   228.063
414.5   228.496
415.5   228.938
416.5   229.387
417.5   229.845
418.5   230.311
419.5   230.785
