0.5  516.417
1.5  516.358
2.5  516.299
3.5  516.241
4.5  516.182
5.5  516.124
6.5  516.065
7.5  516.007
8.5  515.948
9.5  515.89
10.5  515.831
11.5  515.772
12.5  515.714
13.5  515.655
14.5  515.597
15.5  515.538
16.5  515.479
17.5  515.421
18.5  515.362
19.5  515.304
20.5  515.245
21.5  515.186
22.5  515.128
23.5  515.069
24.5  515.011
25.5  514.952
26.5  514.893
27.5  514.835
28.5  514.776
29.5  514.718
30.5  514.659
31.5  514.6
32.5  514.542
33.5  514.483
34.5  514.424
35.5  514.366
36.5  514.307
37.5  514.249
38.5  514.19
39.5  514.131
40.5  514.073
41.5  514.014
42.5  513.955
43.5  513.897
44.5  513.838
45.5  513.779
46.5  513.721
47.5  513.662
48.5  513.603
49.5  513.545
50.5  513.486
51.5  513.427
52.5  513.369
53.5  513.31
54.5  513.251
55.5  513.193
56.5  513.134
57.5  513.075
58.5  513.017
59.5  512.958
60.5  512.899
61.5  512.841
62.5  512.782
63.5  512.723
64.5  512.665
65.5  512.606
66.5  512.547
67.5  512.489
68.5  512.43
69.5  512.371
70.5  512.313
71.5  512.254
72.5  512.195
73.5  512.136
74.5  512.078
75.5  512.019
76.5  511.96
77.5  511.902
78.5  511.843
79.5  511.784
80.5  511.725
81.5  511.667
82.5  511.608
83.5  511.549
84.5  511.491
85.5  511.432
86.5  511.373
87.5  511.314
88.5  511.256
89.5  511.197
90.5  511.138
91.5  511.08
92.5  511.021
93.5  510.962
94.5  510.903
95.5  510.845
96.5  510.786
97.5  510.727
98.5  510.668
99.5  510.61
100.5  510.551
101.5  510.492
102.5  510.433
103.5  510.375
104.5  510.316
105.5  510.257
106.5  510.198
107.5  510.14
108.5  510.081
109.5  510.022
110.5  509.963
111.5  509.904
112.5  509.846
113.5  509.787
114.5  509.728
115.5  509.669
116.5  509.611
117.5  509.552
118.5  509.493
119.5  509.434
120.5  509.376
121.5  509.317
122.5  509.258
123.5  509.199
124.5  509.14
125.5  509.082
126.5  509.023
127.5  508.964
128.5  508.905
129.5  508.846
130.5  508.788
131.5  508.729
132.5  508.67
133.5  508.611
134.5  508.552
135.5  508.494
136.5  508.435
137.5  508.376
138.5  508.317
139.5  508.258
140.5  508.2
141.5  508.141
142.5  508.082
143.5  508.023
144.5  507.964
145.5  507.905
146.5  507.847
147.5  507.788
148.5  507.729
149.5  507.67
150.5  507.611
151.5  507.552
152.5  507.494
153.5  507.435
154.5  507.376
155.5  507.317
156.5  507.258
157.5  507.199
158.5  507.141
159.5  507.082
160.5  507.023
161.5  506.964
162.5  506.905
163.5  506.846
164.5  506.788
165.5  506.729
166.5  506.67
167.5  506.611
168.5  506.552
169.5  506.493
170.5  506.434
171.5  506.376
172.5  506.317
173.5  506.258
174.5  506.199
175.5  506.14
176.5  506.081
177.5  506.022
178.5  505.964
179.5  505.905
180.5  505.846
181.5  505.787
182.5  505.728
183.5  505.669
184.5  505.61
185.5  505.551
186.5  505.493
187.5  505.434
188.5  505.375
189.5  505.316
190.5  505.257
191.5  505.198
192.5  505.139
193.5  505.08
194.5  505.022
195.5  504.963
196.5  504.904
197.5  504.845
198.5  504.786
199.5  504.727
200.5  504.668
201.5  504.609
202.5  504.55
203.5  504.491
204.5  504.433
205.5  504.374
206.5  504.315
207.5  504.256
208.5  504.197
209.5  504.138
210.5  504.079
211.5  504.02
212.5  503.961
213.5  503.902
214.5  503.844
215.5  503.785
216.5  503.726
217.5  503.667
218.5  503.608
219.5  503.549
220.5  503.49
221.5  503.431
222.5  503.372
223.5  503.313
224.5  503.254
225.5  503.195
226.5  503.137
227.5  503.078
228.5  503.019
229.5  502.96
230.5  502.901
231.5  502.842
232.5  502.783
233.5  502.724
234.5  502.665
235.5  502.606
236.5  502.547
237.5  502.488
238.5  502.429
239.5  502.37
240.5  502.311
241.5  502.253
242.5  502.194
243.5  502.135
244.5  502.076
245.5  502.017
246.5  501.958
247.5  501.899
248.5  501.84
249.5  501.781
250.5  501.722
251.5  501.663
252.5  501.604
253.5  501.545
254.5  501.486
255.5  501.427
256.5  501.368
257.5  501.309
258.5  501.25
259.5  501.192
260.5  501.133
261.5  501.074
262.5  501.015
263.5  500.956
264.5  500.897
265.5  500.838
266.5  500.779
267.5  500.72
268.5  500.661
269.5  500.602
270.5  500.543
271.5  500.484
272.5  500.425
273.5  500.366
274.5  500.307
275.5  500.248
276.5  500.189
277.5  500.13
278.5  500.071
279.5  500.012
280.5  499.953
281.5  499.894
282.5  499.835
283.5  499.776
284.5  499.717
285.5  499.658
286.5  499.599
287.5  499.54
288.5  499.481
289.5  499.423
290.5  499.364
291.5  499.305
292.5  499.246
293.5  499.187
294.5  499.128
295.5  499.069
296.5  499.01
297.5  498.951
298.5  498.892
299.5  498.833
300.5  498.774
301.5  498.715
302.5  498.656
303.5  498.597
304.5  498.538
305.5  498.479
306.5  498.42
307.5  498.361
308.5  498.302
309.5  498.243
310.5  498.184
311.5  498.125
312.5  498.066
313.5  498.007
314.5  497.948
315.5  497.889
316.5  497.83
317.5  497.771
318.5  497.712
319.5  497.653
320.5  497.594
321.5  497.535
322.5  497.476
323.5  497.417
324.5  497.358
325.5  497.299
326.5  497.24
327.5  497.181
328.5  497.122
329.5  497.063
330.5  497.004
331.5  496.945
332.5  496.886
333.5  496.827
334.5  496.768
335.5  496.709
336.5  496.65
337.5  496.591
338.5  496.532
339.5  496.473
340.5  496.414
341.5  496.355
342.5  496.296
343.5  496.237
344.5  496.178
345.5  496.119
346.5  496.06
347.5  496.001
348.5  495.942
349.5  495.883
350.5  495.824
351.5  495.765
352.5  495.706
353.5  495.647
354.5  495.588
355.5  495.529
356.5  495.47
357.5  495.411
358.5  495.352
359.5  495.293
360.5  495.234
361.5  495.175
362.5  495.116
363.5  495.057
364.5  494.998
365.5  494.939
366.5  494.88
367.5  494.821
368.5  494.762
369.5  494.703
370.5  494.644
371.5  494.585
372.5  494.526
373.5  494.467
374.5  494.408
375.5  494.349
376.5  494.29
377.5  494.231
378.5  494.172
379.5  494.113
380.5  494.054
381.5  493.995
382.5  493.936
383.5  493.877
384.5  493.818
385.5  493.759
386.5  493.7
387.5  493.641
388.5  493.582
389.5  493.523
390.5  493.464
391.5  493.405
392.5  493.346
393.5  493.287
394.5  493.228
395.5  493.169
396.5  493.11
397.5  493.051
398.5  492.991
399.5  492.932
400.5  492.873
401.5  492.814
402.5  492.755
403.5  492.696
404.5  492.637
405.5  492.578
406.5  492.519
407.5  492.46
408.5  492.401
409.5  492.342
410.5  492.283
411.5  492.224
412.5  492.165
413.5  492.106
414.5  492.047
415.5  491.988
416.5  491.929
417.5  491.87
418.5  491.811
419.5  491.752
420.5  491.693
421.5  491.634
422.5  491.575
423.5  491.516
424.5  491.457
425.5  491.398
426.5  491.339
427.5  491.28
428.5  491.221
429.5  491.162
430.5  491.103
431.5  491.044
432.5  490.985
433.5  490.926
434.5  490.867
435.5  490.808
436.5  490.749
437.5  490.69
438.5  490.631
439.5  490.572
440.5  490.513
441.5  490.454
442.5  490.395
443.5  490.336
444.5  490.277
445.5  490.218
446.5  490.159
447.5  490.1
448.5  490.041
449.5  489.982
450.5  489.923
451.5  489.864
452.5  489.805
453.5  489.746
454.5  489.687
455.5  489.628
456.5  489.569
457.5  489.51
458.5  489.451
459.5  489.392
460.5  489.333
461.5  489.274
462.5  489.215
463.5  489.156
464.5  489.097
465.5  489.038
466.5  488.979
467.5  488.92
468.5  488.862
469.5  488.803
470.5  488.744
471.5  488.685
472.5  488.626
473.5  488.567
474.5  488.508
475.5  488.449
476.5  488.39
477.5  488.331
478.5  488.272
479.5  488.213
480.5  488.154
481.5  488.095
482.5  488.036
483.5  487.977
484.5  487.918
485.5  487.859
486.5  487.8
487.5  487.741
488.5  487.682
489.5  487.623
490.5  487.564
491.5  487.505
492.5  487.446
493.5  487.387
494.5  487.328
495.5  487.269
496.5  487.21
497.5  487.151
498.5  487.092
499.5  487.033
500.5  486.974
501.5  486.915
502.5  486.857
503.5  486.798
504.5  486.739
505.5  486.68
506.5  486.621
507.5  486.562
508.5  486.503
509.5  486.444
510.5  486.385
511.5  486.326
512.5  486.267
513.5  486.208
514.5  486.149
515.5  486.09
516.5  486.031
517.5  485.972
518.5  485.913
519.5  485.854
520.5  485.795
521.5  485.737
522.5  485.678
523.5  485.619
524.5  485.56
525.5  485.501
526.5  485.442
527.5  485.383
528.5  485.324
529.5  485.265
530.5  485.206
531.5  485.147
532.5  485.088
533.5  485.029
534.5  484.97
535.5  484.912
536.5  484.853
537.5  484.794
538.5  484.735
539.5  484.676
540.5  484.617
541.5  484.558
542.5  484.499
543.5  484.44
544.5  484.381
545.5  484.322
546.5  484.263
547.5  484.205
548.5  484.146
549.5  484.087
550.5  484.028
551.5  483.969
552.5  483.91
553.5  483.851
554.5  483.792
555.5  483.733
556.5  483.675
557.5  483.616
558.5  483.557
559.5  483.498
560.5  483.439
561.5  483.38
562.5  483.321
563.5  483.262
564.5  483.203
565.5  483.145
566.5  483.086
567.5  483.027
568.5  482.968
569.5  482.909
570.5  482.85
571.5  482.791
572.5  482.732
573.5  482.674
574.5  482.615
575.5  482.556
576.5  482.497
577.5  482.438
578.5  482.379
579.5  482.32
580.5  482.262
581.5  482.203
582.5  482.144
583.5  482.085
584.5  482.026
585.5  481.967
586.5  481.908
587.5  481.85
588.5  481.791
589.5  481.732
590.5  481.673
591.5  481.614
592.5  481.555
593.5  481.497
594.5  481.438
595.5  481.379
596.5  481.32
597.5  481.261
598.5  481.202
599.5  481.144
600.5  481.085
601.5  481.026
602.5  480.967
603.5  480.908
604.5  480.85
605.5  480.791
606.5  480.732
607.5  480.673
608.5  480.614
609.5  480.556
610.5  480.497
611.5  480.438
612.5  480.379
613.5  480.32
614.5  480.262
615.5  480.203
616.5  480.144
617.5  480.085
618.5  480.026
619.5  479.968
620.5  479.909
621.5  479.85
622.5  479.791
623.5  479.733
624.5  479.674
625.5  479.615
626.5  479.556
627.5  479.497
628.5  479.439
629.5  479.38
630.5  479.321
631.5  479.262
632.5  479.204
633.5  479.145
634.5  479.086
635.5  479.027
636.5  478.969
637.5  478.91
638.5  478.851
639.5  478.793
640.5  478.734
641.5  478.675
642.5  478.616
643.5  478.558
644.5  478.499
645.5  478.44
646.5  478.381
647.5  478.323
648.5  478.264
649.5  478.205
650.5  478.147
651.5  478.088
652.5  478.029
653.5  477.97
654.5  477.912
655.5  477.853
656.5  477.794
657.5  477.736
658.5  477.677
659.5  477.618
660.5  477.56
661.5  477.501
662.5  477.442
663.5  477.384
664.5  477.325
665.5  477.266
666.5  477.208
667.5  477.149
668.5  477.09
669.5  477.032
670.5  476.973
671.5  476.914
672.5  476.856
673.5  476.797
674.5  476.738
675.5  476.68
676.5  476.621
677.5  476.562
678.5  476.504
679.5  476.445
680.5  476.386
681.5  476.328
682.5  476.269
683.5  476.211
684.5  476.152
685.5  476.093
686.5  476.035
687.5  475.976
688.5  475.918
689.5  475.859
690.5  475.8
691.5  475.742
692.5  475.683
693.5  475.625
694.5  475.566
695.5  475.507
696.5  475.449
697.5  475.39
698.5  475.332
699.5  475.273
700.5  475.214
701.5  475.156
702.5  475.097
703.5  475.039
704.5  474.98
705.5  474.922
706.5  474.863
707.5  474.805
708.5  474.746
709.5  474.687
710.5  474.629
711.5  474.57
712.5  474.512
713.5  474.453
714.5  474.395
715.5  474.336
716.5  474.278
717.5  474.219
718.5  474.161
719.5  474.102
720.5  474.044
721.5  473.985
722.5  473.927
723.5  473.868
724.5  473.81
725.5  473.751
726.5  473.693
727.5  473.634
728.5  473.576
729.5  473.517
730.5  473.459
731.5  473.4
732.5  473.342
733.5  473.283
734.5  473.225
735.5  473.166
736.5  473.108
737.5  473.05
738.5  472.991
739.5  472.933
740.5  472.874
741.5  472.816
742.5  472.757
743.5  472.699
744.5  472.64
745.5  472.582
746.5  472.524
747.5  472.465
748.5  472.407
749.5  472.348
750.5  472.29
751.5  472.232
752.5  472.173
753.5  472.115
754.5  472.056
755.5  471.998
756.5  471.94
757.5  471.881
758.5  471.823
759.5  471.765
760.5  471.706
761.5  471.648
762.5  471.589
763.5  471.531
764.5  471.473
765.5  471.414
766.5  471.356
767.5  471.298
768.5  471.239
769.5  471.181
770.5  471.123
771.5  471.064
772.5  471.006
773.5  470.948
774.5  470.889
775.5  470.831
776.5  470.773
777.5  470.715
778.5  470.656
779.5  470.598
780.5  470.54
781.5  470.481
782.5  470.423
783.5  470.365
784.5  470.307
785.5  470.248
786.5  470.19
787.5  470.132
788.5  470.074
789.5  470.015
790.5  469.957
791.5  469.899
792.5  469.841
793.5  469.782
794.5  469.724
795.5  469.666
796.5  469.608
797.5  469.549
798.5  469.491
799.5  469.433
800.5  469.375
801.5  469.317
802.5  469.258
803.5  469.2
804.5  469.142
805.5  469.084
806.5  469.026
807.5  468.968
808.5  468.909
809.5  468.851
810.5  468.793
811.5  468.735
812.5  468.677
813.5  468.619
814.5  468.561
815.5  468.502
816.5  468.444
817.5  468.386
818.5  468.328
819.5  468.27
820.5  468.212
821.5  468.154
822.5  468.096
823.5  468.037
824.5  467.979
825.5  467.921
826.5  467.863
827.5  467.805
828.5  467.747
829.5  467.689
830.5  467.631
831.5  467.573
832.5  467.515
833.5  467.457
834.5  467.399
835.5  467.341
836.5  467.283
837.5  467.225
838.5  467.167
839.5  467.109
840.5  467.051
841.5  466.993
842.5  466.935
843.5  466.877
844.5  466.819
845.5  466.761
846.5  466.703
847.5  466.645
848.5  466.587
849.5  466.529
850.5  466.471
851.5  466.413
852.5  466.355
853.5  466.297
854.5  466.239
855.5  466.181
856.5  466.123
857.5  466.065
858.5  466.007
859.5  465.949
860.5  465.892
861.5  465.834
862.5  465.776
863.5  465.718
864.5  465.66
865.5  465.602
866.5  465.544
867.5  465.486
868.5  465.428
869.5  465.371
870.5  465.313
871.5  465.255
872.5  465.197
873.5  465.139
874.5  465.081
875.5  465.024
876.5  464.966
877.5  464.908
878.5  464.85
879.5  464.792
880.5  464.735
881.5  464.677
882.5  464.619
883.5  464.561
884.5  464.503
885.5  464.446
886.5  464.388
887.5  464.33
888.5  464.272
889.5  464.215
890.5  464.157
891.5  464.099
892.5  464.041
893.5  463.984
894.5  463.926
895.5  463.868
896.5  463.811
897.5  463.753
898.5  463.695
899.5  463.638
900.5  463.58
901.5  463.522
902.5  463.465
903.5  463.407
904.5  463.349
905.5  463.292
906.5  463.234
907.5  463.176
908.5  463.119
909.5  463.061
910.5  463.003
911.5  462.946
912.5  462.888
913.5  462.831
914.5  462.773
915.5  462.715
916.5  462.658
917.5  462.6
918.5  462.543
919.5  462.485
920.5  462.428
921.5  462.37
922.5  462.313
923.5  462.255
924.5  462.197
925.5  462.14
926.5  462.082
927.5  462.025
928.5  461.967
929.5  461.91
930.5  461.852
931.5  461.795
932.5  461.738
933.5  461.68
934.5  461.623
935.5  461.565
936.5  461.508
937.5  461.45
938.5  461.393
939.5  461.335
940.5  461.278
941.5  461.221
942.5  461.163
943.5  461.106
944.5  461.048
945.5  460.991
946.5  460.934
947.5  460.876
948.5  460.819
949.5  460.762
950.5  460.704
951.5  460.647
952.5  460.589
953.5  460.532
954.5  460.475
955.5  460.418
956.5  460.36
957.5  460.303
958.5  460.246
959.5  460.188
960.5  460.131
961.5  460.074
962.5  460.017
963.5  459.959
964.5  459.902
965.5  459.845
966.5  459.788
967.5  459.73
968.5  459.673
969.5  459.616
970.5  459.559
971.5  459.501
972.5  459.444
973.5  459.387
974.5  459.33
975.5  459.273
976.5  459.216
977.5  459.158
978.5  459.101
979.5  459.044
980.5  458.987
981.5  458.93
982.5  458.873
983.5  458.816
984.5  458.759
985.5  458.701
986.5  458.644
987.5  458.587
988.5  458.53
989.5  458.473
990.5  458.416
991.5  458.359
992.5  458.302
993.5  458.245
994.5  458.188
995.5  458.131
996.5  458.074
997.5  458.017
998.5  457.96
999.5  457.903
1000.5  457.846
1001.5  457.789
1002.5  457.732
1003.5  457.675
1004.5  457.618
1005.5  457.561
1006.5  457.504
1007.5  457.447
1008.5  457.391
1009.5  457.334
1010.5  457.277
1011.5  457.22
1012.5  457.163
1013.5  457.106
1014.5  457.049
1015.5  456.992
1016.5  456.936
1017.5  456.879
1018.5  456.822
1019.5  456.765
1020.5  456.708
1021.5  456.652
1022.5  456.595
1023.5  456.538
1024.5  456.481
1025.5  456.424
1026.5  456.368
1027.5  456.311
1028.5  456.254
1029.5  456.197
1030.5  456.141
1031.5  456.084
1032.5  456.027
1033.5  455.971
1034.5  455.914
1035.5  455.857
1036.5  455.801
1037.5  455.744
1038.5  455.687
1039.5  455.631
1040.5  455.574
1041.5  455.517
1042.5  455.461
1043.5  455.404
1044.5  455.348
1045.5  455.291
1046.5  455.234
1047.5  455.178
1048.5  455.121
1049.5  455.065
1050.5  455.008
1051.5  454.952
1052.5  454.895
1053.5  454.839
1054.5  454.782
1055.5  454.726
1056.5  454.669
1057.5  454.613
1058.5  454.556
1059.5  454.5
1060.5  454.443
1061.5  454.387
1062.5  454.33
1063.5  454.274
1064.5  454.218
1065.5  454.161
1066.5  454.105
1067.5  454.048
1068.5  453.992
1069.5  453.936
1070.5  453.879
1071.5  453.823
1072.5  453.767
1073.5  453.71
1074.5  453.654
1075.5  453.598
1076.5  453.542
1077.5  453.485
1078.5  453.429
1079.5  453.373
1080.5  453.316
1081.5  453.26
1082.5  453.204
1083.5  453.148
1084.5  453.092
1085.5  453.035
1086.5  452.979
1087.5  452.923
1088.5  452.867
1089.5  452.811
1090.5  452.754
1091.5  452.698
1092.5  452.642
1093.5  452.586
1094.5  452.53
1095.5  452.474
1096.5  452.418
1097.5  452.362
1098.5  452.306
1099.5  452.25
1100.5  452.194
1101.5  452.137
1102.5  452.081
1103.5  452.025
1104.5  451.969
1105.5  451.913
1106.5  451.857
1107.5  451.802
1108.5  451.746
1109.5  451.69
1110.5  451.634
1111.5  451.578
1112.5  451.522
1113.5  451.466
1114.5  451.41
1115.5  451.354
1116.5  451.298
1117.5  451.242
1118.5  451.187
1119.5  451.131
1120.5  451.075
1121.5  451.019
1122.5  450.963
1123.5  450.907
1124.5  450.852
1125.5  450.796
1126.5  450.74
1127.5  450.684
1128.5  450.629
1129.5  450.573
1130.5  450.517
1131.5  450.461
1132.5  450.406
1133.5  450.35
1134.5  450.294
1135.5  450.239
1136.5  450.183
1137.5  450.127
1138.5  450.072
1139.5  450.016
1140.5  449.961
1141.5  449.905
1142.5  449.849
1143.5  449.794
1144.5  449.738
1145.5  449.683
1146.5  449.627
1147.5  449.572
1148.5  449.516
1149.5  449.461
1150.5  449.405
1151.5  449.35
1152.5  449.294
1153.5  449.239
1154.5  449.183
1155.5  449.128
1156.5  449.073
1157.5  449.017
1158.5  448.962
1159.5  448.906
1160.5  448.851
1161.5  448.796
1162.5  448.74
1163.5  448.685
1164.5  448.63
1165.5  448.574
1166.5  448.519
1167.5  448.464
1168.5  448.408
1169.5  448.353
1170.5  448.298
1171.5  448.243
1172.5  448.188
1173.5  448.132
1174.5  448.077
1175.5  448.022
1176.5  447.967
1177.5  447.912
1178.5  447.856
1179.5  447.801
1180.5  447.746
1181.5  447.691
1182.5  447.636
1183.5  447.581
1184.5  447.526
1185.5  447.471
1186.5  447.416
1187.5  447.361
1188.5  447.306
1189.5  447.251
1190.5  447.196
1191.5  447.141
1192.5  447.086
1193.5  447.031
1194.5  446.976
1195.5  446.921
1196.5  446.866
1197.5  446.811
1198.5  446.756
1199.5  446.702
1200.5  446.647
1201.5  446.592
1202.5  446.537
1203.5  446.482
1204.5  446.427
1205.5  446.373
1206.5  446.318
1207.5  446.263
1208.5  446.208
1209.5  446.154
1210.5  446.099
1211.5  446.044
1212.5  445.99
1213.5  445.935
1214.5  445.88
1215.5  445.826
1216.5  445.771
1217.5  445.716
1218.5  445.662
1219.5  445.607
1220.5  445.553
1221.5  445.498
1222.5  445.443
1223.5  445.389
1224.5  445.334
1225.5  445.28
1226.5  445.225
1227.5  445.171
1228.5  445.116
1229.5  445.062
1230.5  445.008
1231.5  444.953
1232.5  444.899
1233.5  444.844
1234.5  444.79
1235.5  444.736
1236.5  444.681
1237.5  444.627
1238.5  444.573
1239.5  444.518
1240.5  444.464
1241.5  444.41
1242.5  444.356
1243.5  444.301
1244.5  444.247
1245.5  444.193
1246.5  444.139
1247.5  444.084
1248.5  444.03
1249.5  443.976
1250.5  443.922
1251.5  443.868
1252.5  443.814
1253.5  443.76
1254.5  443.706
1255.5  443.652
1256.5  443.598
1257.5  443.544
1258.5  443.489
1259.5  443.435
1260.5  443.382
1261.5  443.328
1262.5  443.274
1263.5  443.22
1264.5  443.166
1265.5  443.112
1266.5  443.058
1267.5  443.004
1268.5  442.95
1269.5  442.896
1270.5  442.843
1271.5  442.789
1272.5  442.735
1273.5  442.681
1274.5  442.627
1275.5  442.574
1276.5  442.52
1277.5  442.466
1278.5  442.413
1279.5  442.359
1280.5  442.305
1281.5  442.252
1282.5  442.198
1283.5  442.144
1284.5  442.091
1285.5  442.037
1286.5  441.984
1287.5  441.93
1288.5  441.877
1289.5  441.823
1290.5  441.77
1291.5  441.716
1292.5  441.663
1293.5  441.609
1294.5  441.556
1295.5  441.502
1296.5  441.449
1297.5  441.396
1298.5  441.342
1299.5  441.289
1300.5  441.236
1301.5  441.182
1302.5  441.129
1303.5  441.076
1304.5  441.022
1305.5  440.969
1306.5  440.916
1307.5  440.863
1308.5  440.81
1309.5  440.756
1310.5  440.703
1311.5  440.65
1312.5  440.597
1313.5  440.544
1314.5  440.491
1315.5  440.438
1316.5  440.385
1317.5  440.332
1318.5  440.279
1319.5  440.226
1320.5  440.173
1321.5  440.12
1322.5  440.067
1323.5  440.014
1324.5  439.961
1325.5  439.908
1326.5  439.855
1327.5  439.802
1328.5  439.75
1329.5  439.697
1330.5  439.644
1331.5  439.591
1332.5  439.538
1333.5  439.486
1334.5  439.433
1335.5  439.38
1336.5  439.328
1337.5  439.275
1338.5  439.222
1339.5  439.17
1340.5  439.117
1341.5  439.065
1342.5  439.012
1343.5  438.959
1344.5  438.907
1345.5  438.854
1346.5  438.802
1347.5  438.749
1348.5  438.697
1349.5  438.645
1350.5  438.592
1351.5  438.54
1352.5  438.487
1353.5  438.435
1354.5  438.383
1355.5  438.33
1356.5  438.278
1357.5  438.226
1358.5  438.174
1359.5  438.121
1360.5  438.069
1361.5  438.017
1362.5  437.965
1363.5  437.913
1364.5  437.86
1365.5  437.808
1366.5  437.756
1367.5  437.704
1368.5  437.652
1369.5  437.6
1370.5  437.548
1371.5  437.496
1372.5  437.444
1373.5  437.392
1374.5  437.34
1375.5  437.288
1376.5  437.236
1377.5  437.185
1378.5  437.133
1379.5  437.081
1380.5  437.029
1381.5  436.977
1382.5  436.926
1383.5  436.874
1384.5  436.822
1385.5  436.77
1386.5  436.719
1387.5  436.667
1388.5  436.615
1389.5  436.564
1390.5  436.512
1391.5  436.461
1392.5  436.409
1393.5  436.357
1394.5  436.306
1395.5  436.254
1396.5  436.203
1397.5  436.152
1398.5  436.1
1399.5  436.049
1400.5  435.997
1401.5  435.946
1402.5  435.895
1403.5  435.843
1404.5  435.792
1405.5  435.741
1406.5  435.69
1407.5  435.638
1408.5  435.587
1409.5  435.536
1410.5  435.485
1411.5  435.434
1412.5  435.382
1413.5  435.331
1414.5  435.28
1415.5  435.229
1416.5  435.178
1417.5  435.127
1418.5  435.076
1419.5  435.025
1420.5  434.974
1421.5  434.923
1422.5  434.873
1423.5  434.822
1424.5  434.771
1425.5  434.72
1426.5  434.669
1427.5  434.618
1428.5  434.568
1429.5  434.517
1430.5  434.466
1431.5  434.416
1432.5  434.365
1433.5  434.314
1434.5  434.264
1435.5  434.213
1436.5  434.163
1437.5  434.112
1438.5  434.062
1439.5  434.011
1440.5  433.961
1441.5  433.91
1442.5  433.86
1443.5  433.809
1444.5  433.759
1445.5  433.709
1446.5  433.658
1447.5  433.608
1448.5  433.558
1449.5  433.507
1450.5  433.457
1451.5  433.407
1452.5  433.357
1453.5  433.307
1454.5  433.257
1455.5  433.207
1456.5  433.156
1457.5  433.106
1458.5  433.056
1459.5  433.006
1460.5  432.956
1461.5  432.906
1462.5  432.857
1463.5  432.807
1464.5  432.757
1465.5  432.707
1466.5  432.657
1467.5  432.607
1468.5  432.558
1469.5  432.508
1470.5  432.458
1471.5  432.408
1472.5  432.359
1473.5  432.309
1474.5  432.259
1475.5  432.21
1476.5  432.16
1477.5  432.111
1478.5  432.061
1479.5  432.012
1480.5  431.962
1481.5  431.913
1482.5  431.863
1483.5  431.814
1484.5  431.765
1485.5  431.715
1486.5  431.666
1487.5  431.617
1488.5  431.568
1489.5  431.518
1490.5  431.469
1491.5  431.42
1492.5  431.371
1493.5  431.322
1494.5  431.273
1495.5  431.224
1496.5  431.175
1497.5  431.126
1498.5  431.077
1499.5  431.028
1500.5  430.979
1501.5  430.93
1502.5  430.881
1503.5  430.832
1504.5  430.783
1505.5  430.735
1506.5  430.686
1507.5  430.637
1508.5  430.589
1509.5  430.54
1510.5  430.491
1511.5  430.443
1512.5  430.394
1513.5  430.345
1514.5  430.297
1515.5  430.248
1516.5  430.2
1517.5  430.152
1518.5  430.103
1519.5  430.055
1520.5  430.006
1521.5  429.958
1522.5  429.91
1523.5  429.862
1524.5  429.813
1525.5  429.765
1526.5  429.717
1527.5  429.669
1528.5  429.621
1529.5  429.573
1530.5  429.525
1531.5  429.477
1532.5  429.429
1533.5  429.381
1534.5  429.333
1535.5  429.285
1536.5  429.237
1537.5  429.189
1538.5  429.141
1539.5  429.093
1540.5  429.046
1541.5  428.998
1542.5  428.95
1543.5  428.903
1544.5  428.855
1545.5  428.807
1546.5  428.76
1547.5  428.712
1548.5  428.665
1549.5  428.617
1550.5  428.57
1551.5  428.522
1552.5  428.475
1553.5  428.428
1554.5  428.38
1555.5  428.333
1556.5  428.286
1557.5  428.239
1558.5  428.191
1559.5  428.144
1560.5  428.097
1561.5  428.05
1562.5  428.003
1563.5  427.956
1564.5  427.909
1565.5  427.862
1566.5  427.815
1567.5  427.768
1568.5  427.721
1569.5  427.675
1570.5  427.628
1571.5  427.581
1572.5  427.534
1573.5  427.488
1574.5  427.441
1575.5  427.394
1576.5  427.348
1577.5  427.301
1578.5  427.255
1579.5  427.208
1580.5  427.162
1581.5  427.115
1582.5  427.069
1583.5  427.022
1584.5  426.976
1585.5  426.93
1586.5  426.883
1587.5  426.837
1588.5  426.791
1589.5  426.745
1590.5  426.699
1591.5  426.653
1592.5  426.607
1593.5  426.561
1594.5  426.515
1595.5  426.469
1596.5  426.423
1597.5  426.377
1598.5  426.331
1599.5  426.285
1600.5  426.239
1601.5  426.194
1602.5  426.148
1603.5  426.102
1604.5  426.057
1605.5  426.011
1606.5  425.965
1607.5  425.92
1608.5  425.874
1609.5  425.829
1610.5  425.783
1611.5  425.738
1612.5  425.693
1613.5  425.647
1614.5  425.602
1615.5  425.557
1616.5  425.512
1617.5  425.467
1618.5  425.421
1619.5  425.376
1620.5  425.331
1621.5  425.286
1622.5  425.241
1623.5  425.196
1624.5  425.151
1625.5  425.107
1626.5  425.062
1627.5  425.017
1628.5  424.972
1629.5  424.927
1630.5  424.883
1631.5  424.838
1632.5  424.794
1633.5  424.749
1634.5  424.704
1635.5  424.66
1636.5  424.615
1637.5  424.571
1638.5  424.527
1639.5  424.482
1640.5  424.438
1641.5  424.394
1642.5  424.35
1643.5  424.305
1644.5  424.261
1645.5  424.217
1646.5  424.173
1647.5  424.129
1648.5  424.085
1649.5  424.041
1650.5  423.997
1651.5  423.953
1652.5  423.91
1653.5  423.866
1654.5  423.822
1655.5  423.778
1656.5  423.735
1657.5  423.691
1658.5  423.647
1659.5  423.604
1660.5  423.56
1661.5  423.517
1662.5  423.474
1663.5  423.43
1664.5  423.387
1665.5  423.344
1666.5  423.3
1667.5  423.257
1668.5  423.214
1669.5  423.171
1670.5  423.128
1671.5  423.085
1672.5  423.042
1673.5  422.999
1674.5  422.956
1675.5  422.913
1676.5  422.87
1677.5  422.827
1678.5  422.785
1679.5  422.742
1680.5  422.699
1681.5  422.657
1682.5  422.614
1683.5  422.571
1684.5  422.529
1685.5  422.487
1686.5  422.444
1687.5  422.402
1688.5  422.359
1689.5  422.317
1690.5  422.275
1691.5  422.233
1692.5  422.191
1693.5  422.149
1694.5  422.107
1695.5  422.065
1696.5  422.023
1697.5  421.981
1698.5  421.939
1699.5  421.897
1700.5  421.855
1701.5  421.813
1702.5  421.772
1703.5  421.73
1704.5  421.689
1705.5  421.647
1706.5  421.605
1707.5  421.564
1708.5  421.523
1709.5  421.481
1710.5  421.44
1711.5  421.399
1712.5  421.357
1713.5  421.316
1714.5  421.275
1715.5  421.234
1716.5  421.193
1717.5  421.152
1718.5  421.111
1719.5  421.07
1720.5  421.029
1721.5  420.989
1722.5  420.948
1723.5  420.907
1724.5  420.866
1725.5  420.826
1726.5  420.785
1727.5  420.745
1728.5  420.704
1729.5  420.664
1730.5  420.623
1731.5  420.583
1732.5  420.543
1733.5  420.503
1734.5  420.462
1735.5  420.422
1736.5  420.382
1737.5  420.342
1738.5  420.302
1739.5  420.262
1740.5  420.222
1741.5  420.183
1742.5  420.143
1743.5  420.103
1744.5  420.063
1745.5  420.024
1746.5  419.984
1747.5  419.945
1748.5  419.905
1749.5  419.866
1750.5  419.826
1751.5  419.787
1752.5  419.748
1753.5  419.709
1754.5  419.67
1755.5  419.63
1756.5  419.591
1757.5  419.552
1758.5  419.513
1759.5  419.474
1760.5  419.436
1761.5  419.397
1762.5  419.358
1763.5  419.319
1764.5  419.281
1765.5  419.242
1766.5  419.204
1767.5  419.165
1768.5  419.127
1769.5  419.088
1770.5  419.05
1771.5  419.012
1772.5  418.974
1773.5  418.935
1774.5  418.897
1775.5  418.859
1776.5  418.821
1777.5  418.783
1778.5  418.745
1779.5  418.708
1780.5  418.67
1781.5  418.632
1782.5  418.595
1783.5  418.557
1784.5  418.519
1785.5  418.482
1786.5  418.444
1787.5  418.407
1788.5  418.37
1789.5  418.332
1790.5  418.295
1791.5  418.258
1792.5  418.221
1793.5  418.184
1794.5  418.147
1795.5  418.11
1796.5  418.073
1797.5  418.036
1798.5  418
1799.5  417.963
1800.5  417.926
1801.5  417.89
1802.5  417.853
1803.5  417.817
1804.5  417.78
1805.5  417.744
1806.5  417.708
1807.5  417.672
1808.5  417.635
1809.5  417.599
1810.5  417.563
1811.5  417.527
1812.5  417.491
1813.5  417.455
1814.5  417.42
1815.5  417.384
1816.5  417.348
1817.5  417.313
1818.5  417.277
1819.5  417.242
1820.5  417.206
1821.5  417.171
1822.5  417.135
1823.5  417.1
1824.5  417.065
1825.5  417.03
1826.5  416.995
1827.5  416.96
1828.5  416.925
1829.5  416.89
1830.5  416.855
1831.5  416.82
1832.5  416.786
1833.5  416.751
1834.5  416.717
1835.5  416.682
1836.5  416.648
1837.5  416.613
1838.5  416.579
1839.5  416.545
1840.5  416.511
1841.5  416.477
1842.5  416.442
1843.5  416.408
1844.5  416.375
1845.5  416.341
1846.5  416.307
1847.5  416.273
1848.5  416.24
1849.5  416.206
1850.5  416.173
1851.5  416.139
1852.5  416.106
1853.5  416.072
1854.5  416.039
1855.5  416.006
1856.5  415.973
1857.5  415.94
1858.5  415.907
1859.5  415.874
1860.5  415.841
1861.5  415.808
1862.5  415.776
1863.5  415.743
1864.5  415.71
1865.5  415.678
1866.5  415.645
1867.5  415.613
1868.5  415.581
1869.5  415.549
1870.5  415.516
1871.5  415.484
1872.5  415.452
1873.5  415.42
1874.5  415.389
1875.5  415.357
1876.5  415.325
1877.5  415.293
1878.5  415.262
1879.5  415.23
1880.5  415.199
1881.5  415.168
1882.5  415.136
1883.5  415.105
1884.5  415.074
1885.5  415.043
1886.5  415.012
1887.5  414.981
1888.5  414.95
1889.5  414.919
1890.5  414.889
1891.5  414.858
1892.5  414.827
1893.5  414.797
1894.5  414.766
1895.5  414.736
1896.5  414.706
1897.5  414.676
1898.5  414.646
1899.5  414.616
1900.5  414.586
1901.5  414.556
1902.5  414.526
1903.5  414.496
1904.5  414.467
1905.5  414.437
1906.5  414.408
1907.5  414.378
1908.5  414.349
1909.5  414.32
1910.5  414.29
1911.5  414.261
1912.5  414.232
1913.5  414.203
1914.5  414.174
1915.5  414.146
1916.5  414.117
1917.5  414.088
1918.5  414.06
1919.5  414.031
1920.5  414.003
1921.5  413.975
1922.5  413.946
1923.5  413.918
1924.5  413.89
1925.5  413.862
1926.5  413.834
1927.5  413.806
1928.5  413.779
1929.5  413.751
1930.5  413.724
1931.5  413.696
1932.5  413.669
1933.5  413.641
1934.5  413.614
1935.5  413.587
1936.5  413.56
1937.5  413.533
1938.5  413.506
1939.5  413.479
1940.5  413.452
1941.5  413.426
1942.5  413.399
1943.5  413.373
1944.5  413.346
1945.5  413.32
1946.5  413.294
1947.5  413.268
1948.5  413.242
1949.5  413.216
1950.5  413.19
1951.5  413.164
1952.5  413.138
1953.5  413.113
1954.5  413.087
1955.5  413.062
1956.5  413.036
1957.5  413.011
1958.5  412.986
1959.5  412.961
1960.5  412.936
1961.5  412.911
1962.5  412.886
1963.5  412.862
1964.5  412.837
1965.5  412.813
1966.5  412.788
1967.5  412.764
1968.5  412.739
1969.5  412.715
1970.5  412.691
1971.5  412.667
1972.5  412.643
1973.5  412.62
1974.5  412.596
1975.5  412.572
1976.5  412.549
1977.5  412.525
1978.5  412.502
1979.5  412.479
1980.5  412.456
1981.5  412.433
1982.5  412.41
1983.5  412.387
1984.5  412.364
1985.5  412.342
1986.5  412.319
1987.5  412.297
1988.5  412.274
1989.5  412.252
1990.5  412.23
1991.5  412.208
1992.5  412.186
1993.5  412.164
1994.5  412.142
1995.5  412.12
1996.5  412.099
1997.5  412.077
1998.5  412.056
1999.5  412.035
2000.5  412.014
2001.5  411.993
2002.5  411.972
2003.5  411.951
2004.5  411.93
2005.5  411.909
2006.5  411.889
2007.5  411.868
2008.5  411.848
2009.5  411.828
2010.5  411.808
2011.5  411.788
2012.5  411.768
2013.5  411.748
2014.5  411.728
2015.5  411.708
2016.5  411.689
2017.5  411.67
2018.5  411.65
2019.5  411.631
2020.5  411.612
2021.5  411.593
2022.5  411.574
2023.5  411.555
2024.5  411.537
2025.5  411.518
2026.5  411.5
2027.5  411.481
2028.5  411.463
2029.5  411.445
2030.5  411.427
2031.5  411.409
2032.5  411.391
2033.5  411.374
2034.5  411.356
2035.5  411.339
2036.5  411.321
2037.5  411.304
2038.5  411.287
2039.5  411.27
2040.5  411.253
2041.5  411.236
2042.5  411.22
2043.5  411.203
2044.5  411.187
2045.5  411.171
2046.5  411.154
2047.5  411.138
2048.5  411.122
2049.5  411.106
2050.5  411.091
2051.5  411.075
2052.5  411.06
2053.5  411.044
2054.5  411.029
2055.5  411.014
2056.5  410.999
2057.5  410.984
2058.5  410.969
2059.5  410.955
2060.5  410.94
2061.5  410.926
2062.5  410.911
2063.5  410.897
2064.5  410.883
2065.5  410.869
2066.5  410.855
2067.5  410.842
2068.5  410.828
2069.5  410.815
2070.5  410.801
2071.5  410.788
2072.5  410.775
2073.5  410.762
2074.5  410.749
2075.5  410.737
2076.5  410.724
2077.5  410.712
2078.5  410.699
2079.5  410.687
2080.5  410.675
2081.5  410.663
2082.5  410.651
2083.5  410.64
2084.5  410.628
2085.5  410.617
2086.5  410.605
2087.5  410.594
2088.5  410.583
2089.5  410.572
2090.5  410.562
2091.5  410.551
2092.5  410.541
2093.5  410.53
2094.5  410.52
2095.5  410.51
2096.5  410.5
2097.5  410.49
2098.5  410.48
2099.5  410.471
2100.5  410.461
2101.5  410.452
2102.5  410.443
2103.5  410.434
2104.5  410.425
2105.5  410.416
2106.5  410.408
2107.5  410.399
2108.5  410.391
2109.5  410.383
2110.5  410.375
2111.5  410.367
2112.5  410.359
2113.5  410.352
2114.5  410.344
2115.5  410.337
2116.5  410.33
2117.5  410.323
2118.5  410.316
2119.5  410.309
2120.5  410.302
2121.5  410.296
2122.5  410.29
2123.5  410.284
2124.5  410.278
2125.5  410.272
2126.5  410.266
2127.5  410.26
2128.5  410.255
2129.5  410.25
2130.5  410.245
2131.5  410.24
2132.5  410.235
2133.5  410.23
2134.5  410.226
2135.5  410.221
2136.5  410.217
2137.5  410.213
2138.5  410.209
2139.5  410.205
2140.5  410.202
2141.5  410.198
2142.5  410.195
2143.5  410.192
2144.5  410.189
2145.5  410.186
2146.5  410.183
2147.5  410.181
2148.5  410.178
2149.5  410.176
2150.5  410.174
2151.5  410.172
2152.5  410.171
2153.5  410.169
2154.5  410.168
2155.5  410.167
2156.5  410.165
2157.5  410.165
2158.5  410.164
2159.5  410.163
2160.5  410.163
2161.5  410.163
2162.5  410.163
2163.5  410.163
2164.5  410.163
2165.5  410.163
2166.5  410.164
2167.5  410.165
2168.5  410.166
2169.5  410.167
2170.5  410.168
2171.5  410.169
2172.5  410.171
2173.5  410.173
2174.5  410.175
2175.5  410.177
2176.5  410.179
2177.5  410.182
2178.5  410.184
2179.5  410.187
2180.5  410.19
2181.5  410.193
2182.5  410.197
2183.5  410.2
2184.5  410.204
2185.5  410.208
2186.5  410.212
2187.5  410.216
2188.5  410.221
2189.5  410.225
2190.5  410.23
2191.5  410.235
2192.5  410.24
2193.5  410.245
2194.5  410.251
2195.5  410.257
2196.5  410.263
2197.5  410.269
2198.5  410.275
2199.5  410.281
2200.5  410.288
2201.5  410.295
2202.5  410.302
2203.5  410.309
2204.5  410.317
2205.5  410.324
2206.5  410.332
2207.5  410.34
2208.5  410.348
2209.5  410.356
2210.5  410.365
2211.5  410.374
2212.5  410.383
2213.5  410.392
2214.5  410.401
2215.5  410.411
2216.5  410.421
2217.5  410.43
2218.5  410.441
2219.5  410.451
2220.5  410.461
2221.5  410.472
2222.5  410.483
2223.5  410.494
2224.5  410.506
2225.5  410.517
2226.5  410.529
2227.5  410.541
2228.5  410.553
2229.5  410.566
2230.5  410.578
2231.5  410.591
2232.5  410.604
2233.5  410.617
2234.5  410.631
2235.5  410.644
2236.5  410.658
2237.5  410.672
2238.5  410.686
2239.5  410.701
2240.5  410.716
2241.5  410.731
2242.5  410.746
2243.5  410.761
2244.5  410.777
2245.5  410.793
2246.5  410.809
2247.5  410.825
2248.5  410.841
2249.5  410.858
2250.5  410.875
2251.5  410.892
2252.5  410.909
2253.5  410.927
2254.5  410.945
2255.5  410.963
2256.5  410.981
2257.5  411
2258.5  411.018
2259.5  411.037
2260.5  411.057
2261.5  411.076
2262.5  411.096
2263.5  411.116
2264.5  411.136
2265.5  411.156
2266.5  411.177
2267.5  411.197
2268.5  411.219
2269.5  411.24
2270.5  411.261
2271.5  411.283
2272.5  411.305
2273.5  411.327
2274.5  411.35
2275.5  411.373
2276.5  411.396
2277.5  411.419
2278.5  411.443
2279.5  411.466
2280.5  411.49
2281.5  411.515
2282.5  411.539
2283.5  411.564
2284.5  411.589
2285.5  411.614
2286.5  411.64
2287.5  411.665
2288.5  411.691
2289.5  411.718
2290.5  411.744
2291.5  411.771
2292.5  411.798
2293.5  411.825
2294.5  411.853
2295.5  411.881
2296.5  411.909
2297.5  411.937
2298.5  411.966
2299.5  411.995
2300.5  412.024
2301.5  412.053
2302.5  412.083
2303.5  412.113
2304.5  412.143
2305.5  412.174
2306.5  412.205
2307.5  412.236
2308.5  412.267
2309.5  412.299
2310.5  412.331
2311.5  412.363
2312.5  412.395
2313.5  412.428
2314.5  412.461
2315.5  412.494
2316.5  412.528
2317.5  412.562
2318.5  412.596
2319.5  412.63
2320.5  412.665
2321.5  412.7
2322.5  412.735
2323.5  412.771
2324.5  412.807
2325.5  412.843
2326.5  412.88
2327.5  412.916
2328.5  412.954
2329.5  412.991
2330.5  413.029
2331.5  413.067
2332.5  413.105
2333.5  413.143
2334.5  413.182
2335.5  413.222
2336.5  413.261
2337.5  413.301
2338.5  413.341
2339.5  413.381
2340.5  413.422
2341.5  413.463
2342.5  413.505
2343.5  413.546
2344.5  413.588
2345.5  413.631
2346.5  413.673
2347.5  413.716
2348.5  413.759
2349.5  413.803
2350.5  413.847
2351.5  413.891
2352.5  413.936
2353.5  413.981
2354.5  414.026
2355.5  414.071
2356.5  414.117
2357.5  414.164
2358.5  414.21
2359.5  414.257
2360.5  414.304
2361.5  414.352
2362.5  414.4
2363.5  414.448
2364.5  414.497
2365.5  414.545
2366.5  414.595
2367.5  414.644
2368.5  414.694
2369.5  414.745
2370.5  414.795
2371.5  414.846
2372.5  414.898
2373.5  414.949
2374.5  415.002
2375.5  415.054
2376.5  415.107
2377.5  415.16
2378.5  415.213
2379.5  415.267
2380.5  415.322
2381.5  415.376
2382.5  415.431
2383.5  415.486
2384.5  415.542
2385.5  415.598
2386.5  415.655
2387.5  415.712
2388.5  415.769
2389.5  415.826
2390.5  415.884
2391.5  415.943
2392.5  416.001
2393.5  416.061
2394.5  416.12
2395.5  416.18
2396.5  416.24
2397.5  416.301
2398.5  416.362
2399.5  416.423
2400.5  416.485
2401.5  416.548
2402.5  416.61
2403.5  416.673
2404.5  416.737
2405.5  416.801
2406.5  416.865
2407.5  416.93
2408.5  416.995
2409.5  417.06
2410.5  417.126
2411.5  417.192
2412.5  417.259
2413.5  417.326
2414.5  417.394
2415.5  417.462
2416.5  417.53
2417.5  417.599
2418.5  417.668
2419.5  417.738
2420.5  417.808
2421.5  417.879
2422.5  417.95
2423.5  418.021
2424.5  418.093
2425.5  418.165
2426.5  418.238
2427.5  418.311
2428.5  418.385
2429.5  418.459
2430.5  418.533
2431.5  418.608
2432.5  418.684
2433.5  418.76
2434.5  418.836
2435.5  418.913
2436.5  418.99
2437.5  419.068
2438.5  419.146
2439.5  419.225
2440.5  419.304
2441.5  419.383
2442.5  419.463
2443.5  419.544
2444.5  419.625
2445.5  419.706
2446.5  419.788
2447.5  419.871
2448.5  419.954
2449.5  420.037
2450.5  420.121
2451.5  420.205
2452.5  420.29
2453.5  420.376
2454.5  420.462
2455.5  420.548
2456.5  420.635
2457.5  420.722
2458.5  420.81
2459.5  420.899
2460.5  420.988
2461.5  421.077
2462.5  421.167
2463.5  421.257
2464.5  421.348
2465.5  421.44
2466.5  421.532
2467.5  421.625
2468.5  421.718
2469.5  421.811
2470.5  421.906
2471.5  422
2472.5  422.095
2473.5  422.191
2474.5  422.288
2475.5  422.384
2476.5  422.482
2477.5  422.58
2478.5  422.678
2479.5  422.778
2480.5  422.877
2481.5  422.977
2482.5  423.078
2483.5  423.18
2484.5  423.281
2485.5  423.384
2486.5  423.487
2487.5  423.591
2488.5  423.695
2489.5  423.8
2490.5  423.905
2491.5  424.011
2492.5  424.118
2493.5  424.225
2494.5  424.333
2495.5  424.441
2496.5  424.55
2497.5  424.66
2498.5  424.77
2499.5  424.88
2500.5  424.992
2501.5  425.104
2502.5  425.217
2503.5  425.33
2504.5  425.444
2505.5  425.558
2506.5  425.673
2507.5  425.789
2508.5  425.906
2509.5  426.023
2510.5  426.14
2511.5  426.259
2512.5  426.378
2513.5  426.497
2514.5  426.618
2515.5  426.739
2516.5  426.86
2517.5  426.983
2518.5  427.106
2519.5  427.229
2520.5  427.354
2521.5  427.479
2522.5  427.604
2523.5  427.731
2524.5  427.858
2525.5  427.986
2526.5  428.114
2527.5  428.243
2528.5  428.373
2529.5  428.504
2530.5  428.635
2531.5  428.767
2532.5  428.899
2533.5  429.033
2534.5  429.167
2535.5  429.302
2536.5  429.437
2537.5  429.574
2538.5  429.711
2539.5  429.849
2540.5  429.987
2541.5  430.127
2542.5  430.267
2543.5  430.407
2544.5  430.549
2545.5  430.691
2546.5  430.834
2547.5  430.978
2548.5  431.123
2549.5  431.268
2550.5  431.415
2551.5  431.562
2552.5  431.709
2553.5  431.858
2554.5  432.007
2555.5  432.158
2556.5  432.309
2557.5  432.46
2558.5  432.613
2559.5  432.766
2560.5  432.921
2561.5  433.076
2562.5  433.232
2563.5  433.388
2564.5  433.546
2565.5  433.705
2566.5  433.864
2567.5  434.024
2568.5  434.185
2569.5  434.347
2570.5  434.51
2571.5  434.673
2572.5  434.838
2573.5  435.003
2574.5  435.169
2575.5  435.337
2576.5  435.505
2577.5  435.674
2578.5  435.844
2579.5  436.014
2580.5  436.186
2581.5  436.359
2582.5  436.532
2583.5  436.707
2584.5  436.882
2585.5  437.058
2586.5  437.236
2587.5  437.414
2588.5  437.593
2589.5  437.773
2590.5  437.954
2591.5  438.136
2592.5  438.319
2593.5  438.504
2594.5  438.689
2595.5  438.875
2596.5  439.062
2597.5  439.25
2598.5  439.439
2599.5  439.629
2600.5  439.82
2601.5  440.012
2602.5  440.205
2603.5  440.399
2604.5  440.594
2605.5  440.791
2606.5  440.988
2607.5  441.186
2608.5  441.386
2609.5  441.586
2610.5  441.788
2611.5  441.99
2612.5  442.194
2613.5  442.399
2614.5  442.605
2615.5  442.812
2616.5  443.02
2617.5  443.229
2618.5  443.44
2619.5  443.651
2620.5  443.864
2621.5  444.078
2622.5  444.293
2623.5  444.509
2624.5  444.726
2625.5  444.945
2626.5  445.164
2627.5  445.385
2628.5  445.607
2629.5  445.831
2630.5  446.055
2631.5  446.281
2632.5  446.508
2633.5  446.736
2634.5  446.965
2635.5  447.196
2636.5  447.427
2637.5  447.661
2638.5  447.895
2639.5  448.13
2640.5  448.367
2641.5  448.606
2642.5  448.845
2643.5  449.086
2644.5  449.328
2645.5  449.571
2646.5  449.816
2647.5  450.062
2648.5  450.31
2649.5  450.558
2650.5  450.808
2651.5  451.06
2652.5  451.313
2653.5  451.567
2654.5  451.823
2655.5  452.08
2656.5  452.338
2657.5  452.598
2658.5  452.859
2659.5  453.122
2660.5  453.386
2661.5  453.652
2662.5  453.919
2663.5  454.187
2664.5  454.457
2665.5  454.729
2666.5  455.002
2667.5  455.276
2668.5  455.552
2669.5  455.83
2670.5  456.109
2671.5  456.39
2672.5  456.672
2673.5  456.956
2674.5  457.241
2675.5  457.528
2676.5  457.816
2677.5  458.106
2678.5  458.398
2679.5  458.691
2680.5  458.986
2681.5  459.283
2682.5  459.581
2683.5  459.881
2684.5  460.183
2685.5  460.486
2686.5  460.791
2687.5  461.097
2688.5  461.406
2689.5  461.716
2690.5  462.028
2691.5  462.341
2692.5  462.657
2693.5  462.974
2694.5  463.293
2695.5  463.614
2696.5  463.936
2697.5  464.261
2698.5  464.587
2699.5  464.915
2700.5  465.245
2701.5  465.577
2702.5  465.91
2703.5  466.246
2704.5  466.583
2705.5  466.923
2706.5  467.264
2707.5  467.607
2708.5  467.952
2709.5  468.3
2710.5  468.649
2711.5  469
2712.5  469.353
2713.5  469.709
2714.5  470.066
2715.5  470.425
2716.5  470.787
2717.5  471.15
2718.5  471.516
2719.5  471.883
2720.5  472.253
2721.5  472.625
2722.5  472.999
2723.5  473.376
2724.5  473.754
2725.5  474.135
2726.5  474.518
2727.5  474.903
2728.5  475.29
2729.5  475.68
2730.5  476.072
2731.5  476.466
2732.5  476.863
2733.5  477.262
2734.5  477.663
2735.5  478.066
2736.5  478.472
2737.5  478.881
2738.5  479.292
2739.5  479.705
2740.5  480.121
2741.5  480.539
2742.5  480.959
2743.5  481.382
2744.5  481.808
2745.5  482.236
2746.5  482.667
2747.5  483.1
2748.5  483.536
2749.5  483.975
2750.5  484.416
2751.5  484.86
2752.5  485.307
2753.5  485.756
2754.5  486.208
2755.5  486.662
2756.5  487.12
2757.5  487.58
2758.5  488.043
2759.5  488.509
2760.5  488.977
2761.5  489.449
2762.5  489.923
2763.5  490.401
2764.5  490.881
2765.5  491.364
2766.5  491.85
2767.5  492.339
2768.5  492.832
2769.5  493.327
2770.5  493.825
2771.5  494.327
2772.5  494.831
2773.5  495.339
2774.5  495.85
2775.5  496.364
2776.5  496.881
2777.5  497.401
2778.5  497.925
2779.5  498.452
2780.5  498.982
2781.5  499.516
2782.5  500.053
2783.5  500.593
2784.5  501.137
2785.5  501.685
2786.5  502.235
2787.5  502.79
2788.5  503.348
2789.5  503.909
2790.5  504.474
2791.5  505.043
2792.5  505.615
2793.5  506.191
2794.5  506.771
2795.5  507.354
2796.5  507.941
2797.5  508.533
2798.5  509.127
2799.5  509.726
2800.5  510.329
2801.5  510.935
2802.5  511.546
2803.5  512.161
2804.5  512.779
2805.5  513.402
2806.5  514.029
2807.5  514.66
2808.5  515.295
2809.5  515.934
