-2.5000000000e+1 0.0000000000e+0
-2.4500000000e+1 7.9374172939e-1
-2.4000000000e+1 1.0460289635e-1
-2.3500000000e+1 5.7680686714e-1
-2.3000000000e+1 4.5457015682e-1
-2.2500000000e+1 -1.2402946681e-1
-2.2000000000e+1 5.2189844019e-2
-2.1500000000e+1 -5.7980327227e-2
-2.1000000000e+1 9.4104425626e-2
-2.0500000000e+1 8.1534334752e-1
-2.0000000000e+1 7.6462011962e-2
-1.9500000000e+1 -4.5990099222e-2
-1.9000000000e+1 1.9220855155e-2
-1.8500000000e+1 -6.2204529178e-3
-1.8000000000e+1 -7.5608068219e-3
-1.7500000000e+1 -3.4088933939e-3
-1.7000000000e+1 1.8889221159e-3
-1.6500000000e+1 -3.4278759705e-4
-1.6000000000e+1 1.6325972751e-5
-1.5500000000e+1 2.5175013491e-5
-1.5000000000e+1 -1.6364111048e-5
-1.4500000000e+1 7.6733559240e-6
-1.4000000000e+1 -5.3594607721e-6
-1.3500000000e+1 5.7740409716e-6
-1.3000000000e+1 1.1264809814e-5
-1.2500000000e+1 -2.0381226591e-5
-1.2000000000e+1 3.9483953913e-5
-1.1500000000e+1 -2.6302892138e-5
-1.1000000000e+1 -2.3746816061e-4
-1.0500000000e+1 1.6692167681e-3
-1.0000000000e+1 -7.6692651074e-3
-9.5000000000e+0 2.9483352687e-2
-9.0000000000e+0 -1.0022018761e-1
-8.5000000000e+0 3.4349183320e-1
-8.0000000000e+0 7.1971388411e-1
-7.5000000000e+0 -8.6117541470e-2
-7.0000000000e+0 1.6759866796e-2
-6.5000000000e+0 7.1768568011e-1
-6.0000000000e+0 2.1837402531e+0
-5.5000000000e+0 3.0575137176e+0
-5.0000000000e+0 3.7920035890e+0
-4.5000000000e+0 4.1764684021e+0
-4.0000000000e+0 3.9734948122e+0
-3.5000000000e+0 4.3359384074e+0
-3.0000000000e+0 6.1034586424e+0
-2.5000000000e+0 8.2374313475e+0
-2.0000000000e+0 9.6335788435e+0
-1.5000000000e+0 1.2986380665e+1
-1.0000000000e+0 1.8769801755e+1
-5.0000000000e-1 3.2983728068e+1
0.0000000000e+0 5.9662240184e+1
5.0000000000e-1 9.7732510400e+1
1.0000000000e+0 1.5067858228e+2
1.5000000000e+0 2.1327130185e+2
2.0000000000e+0 2.5701841566e+2
2.5000000000e+0 2.6420979352e+2
3.0000000000e+0 2.3385009474e+2
3.5000000000e+0 1.7287794988e+2
4.0000000000e+0 1.2143635269e+2
4.5000000000e+0 8.5931049554e+1
5.0000000000e+0 6.5439568860e+1
5.5000000000e+0 5.7910878577e+1
6.0000000000e+0 4.8647185141e+1
6.5000000000e+0 3.8337841365e+1
7.0000000000e+0 2.8115390782e+1
7.5000000000e+0 2.3797308285e+1
8.0000000000e+0 2.4212041716e+1
8.5000000000e+0 2.4047065146e+1
9.0000000000e+0 1.9974727029e+1
9.5000000000e+0 1.5441692258e+1
1.0000000000e+1 1.3246992749e+1
1.0500000000e+1 1.2120086107e+1
1.1000000000e+1 1.1254734534e+1
1.1500000000e+1 9.0086240111e+0
1.2000000000e+1 9.6262418390e+0
1.2500000000e+1 9.8629789028e+0
1.3000000000e+1 9.7648587604e+0
1.3500000000e+1 9.7651631030e+0
1.4000000000e+1 9.8828548648e+0
1.4500000000e+1 9.4632984555e+0
1.5000000000e+1 7.7218686477e+0
1.5500000000e+1 6.5220767749e+0
1.6000000000e+1 7.3231721410e+0
1.6500000000e+1 7.3229495816e+0
1.7000000000e+1 7.9301071476e+0
1.7500000000e+1 8.3757612175e+0
1.8000000000e+1 7.3379722099e+0
1.8500000000e+1 6.0186059574e+0
1.9000000000e+1 5.6787688119e+0
1.9500000000e+1 5.6905661580e+0
2.0000000000e+1 5.7510660083e+0
2.0500000000e+1 6.5084763619e+0
2.1000000000e+1 6.7002684576e+0
2.1500000000e+1 4.5650595059e+0
2.2000000000e+1 3.8817343982e+0
2.2500000000e+1 4.1998682919e+0
2.3000000000e+1 3.7935565189e+0
2.3500000000e+1 2.9319245479e+0
2.4000000000e+1 2.4128273581e+0
2.4500000000e+1 2.4198923989e+0
2.5000000000e+1 1.6413443846e+0
2.5500000000e+1 7.5593413845e-1
2.6000000000e+1 2.1833783808e+0
2.6500000000e+1 2.0004545320e+0
2.7000000000e+1 1.5652465831e+0
2.7500000000e+1 1.4167653450e+0
2.8000000000e+1 3.9596307491e-1
2.8500000000e+1 1.3833977630e-1
2.9000000000e+1 8.0335654487e-1
2.9500000000e+1 -1.2539527592e-3
3.0000000000e+1 -2.3061615742e-2
3.0500000000e+1 1.4667798753e-2
3.1000000000e+1 -1.1312609695e-2
3.1500000000e+1 2.3600126699e-2
3.2000000000e+1 -7.2368795591e-2
3.2500000000e+1 2.4309979843e-1
3.3000000000e+1 9.2721563631e-1
3.3500000000e+1 7.3613915543e-1
3.4000000000e+1 -7.9048067877e-3
3.4500000000e+1 -8.6308299635e-2
3.5000000000e+1 1.2697821083e+0
3.5500000000e+1 2.3827787947e+0
3.6000000000e+1 2.0894003827e+0
3.6500000000e+1 1.1772230973e+0
3.7000000000e+1 7.1814795048e-1
3.7500000000e+1 9.3359294199e-1
3.8000000000e+1 1.8056108732e+0
3.8500000000e+1 2.4322804776e+0
3.9000000000e+1 9.3216202668e-1
3.9500000000e+1 7.4024110893e-1
4.0000000000e+1 8.4791175120e-1
4.0500000000e+1 8.0352089161e-1
4.1000000000e+1 8.2102685108e-1
4.1500000000e+1 8.0878009441e-1
4.2000000000e+1 8.3060406082e-1
4.2500000000e+1 7.8630951458e-1
4.3000000000e+1 8.3604336323e-1
4.3500000000e+1 1.6198140728e+0
4.4000000000e+1 9.7628448584e-1
4.4500000000e+1 7.4103923663e-1
4.5000000000e+1 8.6774394383e-1
4.5500000000e+1 7.1237626681e-1
4.6000000000e+1 1.1482092838e+0
4.6500000000e+1 1.5725797953e+0
4.7000000000e+1 6.4638706531e-1
4.7500000000e+1 -1.2482191247e-2
4.8000000000e+1 -7.2003699815e-3
4.8500000000e+1 5.4336934300e-3
4.9000000000e+1 -2.4345282061e-3
4.9500000000e+1 8.8664916871e-4
5.0000000000e+1 -2.8258506040e-4
5.0500000000e+1 6.2407593134e-5
5.1000000000e+1 5.8682783845e-5
5.1500000000e+1 -8.7224004233e-6
5.2000000000e+1 -1.9634883927e-5
5.2500000000e+1 -1.1328132246e-6
5.3000000000e+1 2.4764670457e-6
5.3500000000e+1 -3.6688849718e-6
5.4000000000e+1 1.1368879541e-5
5.4500000000e+1 -7.4718332144e-6
5.5000000000e+1 -2.3027330883e-5
5.5500000000e+1 -3.6299099122e-5
5.6000000000e+1 -4.1295173617e-5
5.6500000000e+1 -3.2023589711e-5
5.7000000000e+1 -2.4923830892e-6
5.7500000000e+1 6.3169086047e-5
5.8000000000e+1 1.2979185453e-4
5.8500000000e+1 1.5298330192e-4
5.9000000000e+1 8.8957830314e-5
5.9500000000e+1 -4.5218785652e-4
6.0000000000e+1 1.2348624381e-3
6.0500000000e+1 -2.7288283724e-3
6.1000000000e+1 3.4878067755e-3
6.1500000000e+1 6.9921556010e-3
6.2000000000e+1 -7.5440608283e-2
6.2500000000e+1 7.0929277757e-1
6.3000000000e+1 3.5218805375e-1
6.3500000000e+1 -1.0221779191e-1
6.4000000000e+1 3.1154757570e-2
6.4500000000e+1 -1.1529666687e-2
6.5000000000e+1 1.0348711620e-2
6.5500000000e+1 -1.2319592258e-2
6.6000000000e+1 -1.6788579274e-2
6.6500000000e+1 7.2939067877e-1
6.7000000000e+1 8.3469118862e-1
6.7500000000e+1 9.0215957112e-1
6.8000000000e+1 6.0294007691e-1
6.8500000000e+1 1.5915556039e-1
6.9000000000e+1 7.3212791315e-2
6.9500000000e+1 1.0605683235e+0
7.0000000000e+1 1.6180783822e+0
7.0500000000e+1 8.4217507911e-1
7.1000000000e+1 7.1384059270e-2
7.1500000000e+1 -9.9972627729e-2
7.2000000000e+1 5.2583421780e-1
7.2500000000e+1 1.0052301413e+0
7.3000000000e+1 3.5927346620e-1
7.3500000000e+1 2.2395401453e-1
7.4000000000e+1 7.3101634873e-1
7.4500000000e+1 1.7690202857e-3
7.5000000000e+1 8.0489312742e-1
7.5500000000e+1 8.3970165054e-1
7.6000000000e+1 8.1986378318e-1
7.6500000000e+1 7.4009297250e-1
7.7000000000e+1 1.2426019302e+0
7.7500000000e+1 1.7891266522e+0
7.8000000000e+1 1.3764346852e+0
7.8500000000e+1 7.2223367944e-1
7.9000000000e+1 8.6981889289e-1
7.9500000000e+1 1.6248662548e+0
8.0000000000e+1 2.4283104105e+0
8.0500000000e+1 1.8928673626e+0
8.1000000000e+1 9.9005466609e-1
8.1500000000e+1 7.8752470410e-1
8.2000000000e+1 7.5407429901e-1
8.2500000000e+1 1.0657173082e+0
8.3000000000e+1 1.6969436601e+0
8.3500000000e+1 1.6360712767e+0
8.4000000000e+1 1.6293170107e+0
8.4500000000e+1 8.8423324140e-1
8.5000000000e+1 7.5891853650e-1
8.5500000000e+1 9.1219283523e-1
8.6000000000e+1 3.6221769177e-1
8.6500000000e+1 -1.5329129371e-1
8.7000000000e+1 2.5973325391e-1
8.7500000000e+1 9.4185463269e-1
8.8000000000e+1 7.0011154401e-1
8.8500000000e+1 3.0444889289e-3
8.9000000000e+1 7.9575767572e-1
8.9500000000e+1 1.1741277740e-1
9.0000000000e+1 1.2606072318e-1
9.0500000000e+1 6.0296862232e-1
9.1000000000e+1 1.0018156374e+0
9.1500000000e+1 5.3733253165e-1
9.2000000000e+1 -1.2413596808e-1
9.2500000000e+1 1.1741240187e-1
9.3000000000e+1 8.1393451099e-1
9.3500000000e+1 6.4773574071e-2
9.4000000000e+1 -4.2806950745e-2
9.4500000000e+1 2.0292151434e-2
9.5000000000e+1 -1.4417306328e-2
9.5500000000e+1 2.8847260653e-2
9.6000000000e+1 -8.1126240305e-2
9.6500000000e+1 2.2136178723e-1
9.7000000000e+1 7.8285962214e-1
9.7500000000e+1 -2.0046627088e-2
9.8000000000e+1 -1.8554781151e-2
9.8500000000e+1 3.3621325677e-2
9.9000000000e+1 -1.1001705615e-1
9.9500000000e+1 5.7679497847e-1
1.0000000000e+2 5.3602294620e-1
1.0050000000e+2 -1.9374358909e-1
1.0100000000e+2 2.5831275772e-1
1.0150000000e+2 7.7331471654e-1
1.0200000000e+2 -2.5108960491e-2
1.0250000000e+2 -1.6247280726e-2
1.0300000000e+2 3.4142201723e-2
1.0350000000e+2 -1.1829523465e-1
1.0400000000e+2 6.2308737447e-1
1.0450000000e+2 3.9793351445e-1
1.0500000000e+2 2.4394435079e-1
1.0550000000e+2 7.4453108487e-1
1.0600000000e+2 -1.1080534372e-1
1.0650000000e+2 3.7364503483e-2
1.0700000000e+2 7.8667563656e-1
1.0750000000e+2 8.2579621352e-1
1.0800000000e+2 8.7889968856e-1
1.0850000000e+2 3.3680676409e-1
1.0900000000e+2 -1.8769948638e-1
1.0950000000e+2 3.9565845605e-1
1.1000000000e+2 6.8703383857e-1
1.1050000000e+2 -4.3394866910e-2
1.1100000000e+2 -7.5377929264e-2
1.1150000000e+2 -1.1402484366e-3
1.1200000000e+2 -5.3622198007e-2
1.1250000000e+2 6.2322400261e-1
1.1300000000e+2 8.6135646140e-1
1.1350000000e+2 8.7202270421e-1
1.1400000000e+2 5.2359437930e-1
1.1450000000e+2 -1.2029460358e-1
1.1500000000e+2 1.0015841494e-1
1.1550000000e+2 8.9151925314e-1
1.1600000000e+2 1.6271397221e+0
1.1650000000e+2 1.0044507652e+0
1.1700000000e+2 5.6646578950e-2
1.1750000000e+2 4.5862290625e-1
1.1800000000e+2 1.0089644537e+0
1.1850000000e+2 4.1970061341e-1
1.1900000000e+2 7.7796545407e-2
1.1950000000e+2 1.0490415622e+0
1.2000000000e+2 1.6209730599e+0
1.2050000000e+2 8.5149538717e-1
1.2100000000e+2 6.1709222504e-2
1.2150000000e+2 -5.3064692296e-2
1.2200000000e+2 -5.0553051646e-2
1.2250000000e+2 -1.6492276401e-2
1.2300000000e+2 9.4342417311e-3
1.2350000000e+2 1.4268107015e-2
1.2400000000e+2 -4.1989055095e-2
1.2450000000e+2 6.5372244094e-2
1.2500000000e+2 8.1463021625e-1
1.2550000000e+2 1.0454374959e-1
1.2600000000e+2 -5.3542215445e-2
1.2650000000e+2 2.0530369266e-2
1.2700000000e+2 -5.0274966179e-3
1.2750000000e+2 -4.5662437239e-3
1.2800000000e+2 1.8460398934e-2
1.2850000000e+2 -4.5021751939e-2
1.2900000000e+2 7.3323380777e-2
1.2950000000e+2 8.1522465643e-1
1.3000000000e+2 9.6175175990e-2
1.3050000000e+2 -5.1441566018e-2
1.3100000000e+2 2.0567440393e-2
1.3150000000e+2 -7.0006757092e-3
1.3200000000e+2 2.1209856243e-3
1.3250000000e+2 -5.9457120778e-4
1.3300000000e+2 1.9962823944e-4
1.3350000000e+2 -1.4065955088e-4
1.3400000000e+2 -1.3956870248e-5
1.3450000000e+2 1.2573727520e-3
1.3500000000e+2 -6.6410957461e-3
1.3550000000e+2 -6.1847609195e-3
1.3600000000e+2 3.1490636543e-2
1.3650000000e+2 -3.3622003493e-2
1.3700000000e+2 -1.0347052791e-1
1.3750000000e+2 -1.0954527044e-1
1.3800000000e+2 9.6153030780e-2
1.3850000000e+2 8.1443959006e-1
1.3900000000e+2 1.9884480554e-2
1.3950000000e+2 7.1578026518e-1
1.4000000000e+2 2.3052067672e-1
1.4050000000e+2 3.7569489164e-1
1.4100000000e+2 9.1096637489e-1
1.4150000000e+2 8.4602836172e-1
1.4200000000e+2 6.5586436715e-1
1.4250000000e+2 -4.5304398687e-2
1.4300000000e+2 -8.0922482073e-4
1.4350000000e+2 -5.2177204669e-2
1.4400000000e+2 7.7024147653e-1
1.4450000000e+2 1.8130679163e-1
1.4500000000e+2 4.7324747812e-1
1.4550000000e+2 5.5580969365e-1
1.4600000000e+2 -1.1900747459e-1
1.4650000000e+2 2.8346313206e-2
1.4700000000e+2 -4.8935907477e-3
1.4750000000e+2 7.9878997212e-5
1.4800000000e+2 -2.1979440234e-3
1.4850000000e+2 1.7215511731e-2
1.4900000000e+2 -7.9423327541e-2
1.4950000000e+2 4.6657401078e-1
1.5000000000e+2 9.7332367895e-1
1.5050000000e+2 5.3123328846e-1
1.5100000000e+2 -1.1815702180e-1
1.5150000000e+2 1.0462736220e-1
1.5200000000e+2 8.3112927405e-1
1.5250000000e+2 8.2906232428e-1
1.5300000000e+2 7.8944159531e-1
1.5350000000e+2 9.0345524833e-1
1.5400000000e+2 5.9754929811e-1
1.5450000000e+2 1.8244773893e-1
1.5500000000e+2 -8.7905503834e-2
1.5550000000e+2 2.2703629497e-2
1.5600000000e+2 -6.5655170084e-3
1.5650000000e+2 2.5488661072e-3
1.5700000000e+2 1.0671207268e-2
1.5750000000e+2 -8.3369293031e-2
1.5800000000e+2 6.9082940907e-1
1.5850000000e+2 3.7867110156e-1
1.5900000000e+2 -1.0480821714e-1
1.5950000000e+2 2.9972184434e-2
1.6000000000e+2 -3.7078028696e-3
1.6050000000e+2 -8.3889496254e-3
1.6100000000e+2 -5.5695973673e-3
1.6150000000e+2 -3.0654372034e-4
1.6200000000e+2 3.6664979697e-3
1.6250000000e+2 1.7453611114e-3
1.6300000000e+2 -7.4492027028e-3
1.6350000000e+2 2.4569716821e-2
1.6400000000e+2 -7.5906872534e-2
1.6450000000e+2 2.2371557381e-1
1.6500000000e+2 8.3540513060e-1
1.6550000000e+2 8.6156747485e-1
1.6600000000e+2 1.6479420091e+0
1.6650000000e+2 2.3388681954e-1
1.6700000000e+2 -1.1346142817e-1
1.6750000000e+2 6.2674193392e-2
1.6800000000e+2 -9.0810504174e-2
1.6850000000e+2 2.9971732160e-1
1.6900000000e+2 8.7107759419e-1
1.6950000000e+2 9.6482708652e-1
1.7000000000e+2 9.4739372717e-1
1.7050000000e+2 8.2338431341e-1
1.7100000000e+2 1.0817029685e-1
1.7150000000e+2 -1.4256186061e-1
1.7200000000e+2 6.2938126722e-1
1.7250000000e+2 4.8746967879e-1
1.7300000000e+2 -1.8822614148e-1