2.00e+08  0.1672032
2.10e+08  0.3724414
2.20e+08  0.57765935
2.30e+08  0.36730046
2.40e+08  0.36074113
2.50e+08  0.14739877
2.60e+08  0.13054285
2.70e+08  0.075957058
2.80e+08  0.040065719
2.90e+08  0.025331945
3.00e+08  0.050733979
3.10e+08  0.068943886
3.20e+08  0.056614831
3.30e+08  0.069677212
3.40e+08  0.063116971
3.50e+08  0.043553658
3.60e+08  0.063481017
3.70e+08  0.028867559
3.80e+08  0.064815564
3.90e+08  0.062396334
4.00e+08  0.076949623
4.10e+08  0.11043719
4.20e+08  0.037544595
4.30e+08  0.084468721
4.40e+08  0.018042946
4.50e+08  0.026982913
4.60e+08  0.020224698
4.70e+08  0.047941134
4.80e+08  0.010627361
4.90e+08  0.047299395
5.00e+08  0.022816316
5.10e+08  0.056357039
5.20e+08  0.083264473
5.30e+08  0.066176475
5.40e+08  0.10283018
5.50e+08  0.054330704
5.60e+08  0.039780687
5.70e+08  0.039990462
5.80e+08  0.062149969
5.90e+08  0.13059813
6.00e+08  0.060411151
6.10e+08  0.12541616
6.20e+08  0.074338714
6.30e+08  0.11507579
6.40e+08  0.13286556
6.50e+08  0.057074445
6.60e+08  0.074217337
6.70e+08  0.077326551
6.80e+08  0.061020191
6.90e+08  0.11110306
7.00e+08  0.11772525
7.10e+08  0.10818756
7.20e+08  0.14762527
7.30e+08  0.073916875
7.40e+08  0.087341048
7.50e+08  0.089421604
7.60e+08  0.069435414
7.70e+08  0.12051293
7.80e+08  0.052693704
7.90e+08  0.077308282
8.00e+08  0.085061756
8.10e+08  0.06141366
8.20e+08  0.074965073
8.30e+08  0.040958249
8.40e+08  0.025841851
8.50e+08  0.034492804
8.60e+08  0.014137457
8.70e+08  0.024719035
8.80e+08  0.0098169336
8.90e+08  0.014082761
9.00e+08  0.012144308
9.10e+08  0.0079325095
9.20e+08  0.0098510383
9.30e+08  0.004782971
9.40e+08  0.0095191531
9.50e+08  0.0053970633
9.60e+08  0.0072254142
9.70e+08  0.0183374
9.80e+08  0.0053006422
9.90e+08  0.009204312
1.00e+09  0.0083120869
1.01e+09  0.0025024032
1.02e+09  0.0050083709
1.03e+09  0.0028127552
1.04e+09  0.0010384745
1.05e+09  0.0012571683
1.06e+09  0.0051798487
1.07e+09  0.0071758533
1.08e+09  0.0069957793
1.09e+09  0.0073829855
1.10e+09  0.0065052716
1.11e+09  0.0068542442
1.12e+09  0.011441841
1.13e+09  0.0048430364
1.14e+09  0.010358633
1.15e+09  0.013958884
1.16e+09  0.007017456
1.17e+09  0.0083568703
1.18e+09  0.0074719791
1.19e+09  0.005447659
1.20e+09  0.0070892331
1.21e+09  0.0045547709
1.22e+09  0.0045322663
1.23e+09  0.006017742
1.24e+09  0.0035581568
1.25e+09  0.0051076435
1.26e+09  0.0037829149
1.27e+09  0.0063213643
1.28e+09  0.006138874
1.29e+09  0.0052752931
1.30e+09  0.0051948002
1.31e+09  0.005717925
1.32e+09  0.0041209853
1.33e+09  0.0040870189
1.34e+09  0.0037236092
1.35e+09  0.0019325106
1.36e+09  0.0020890114
1.37e+09  0.0013720355
1.38e+09  0.00076202784
1.39e+09  0.00073452545
1.40e+09  0.00038776084
1.41e+09  0.00053088588
1.42e+09  0.00025805586
1.43e+09  0.00043417869
1.44e+09  0.00015092832
1.45e+09  0.00025318022
1.46e+09  0.00023780428
1.47e+09  0.00018213518
1.48e+09  0.0002122021
1.49e+09  0.00028288788
1.50e+09  0.00017806472
