2.00e+08  3.9376532
2.10e+08  5.7938004
2.20e+08  8.2738245
2.30e+08  8.6333649
2.40e+08  8.6618023
2.50e+08  8.0705437
2.60e+08  8.3008174
2.70e+08  7.7355238
2.80e+08  7.8232858
2.90e+08  8.4474793
3.00e+08  8.1349329
3.10e+08  8.7468753
3.20e+08  8.7116596
3.30e+08  8.8500228
3.40e+08  9.2311656
3.50e+08  9.3405679
3.60e+08  10.015017
3.70e+08  9.5392674
3.80e+08  9.8372075
3.90e+08  11.085139
4.00e+08  9.9360625
4.10e+08  12.086214
4.20e+08  11.280019
4.30e+08  11.032232
4.40e+08  12.367459
4.50e+08  11.997659
4.60e+08  12.234548
4.70e+08  13.161908
4.80e+08  12.244639
4.90e+08  13.030016
5.00e+08  13.530035
5.10e+08  12.812038
5.20e+08  12.760713
5.30e+08  12.630044
5.40e+08  12.916182
5.50e+08  13.873419
5.60e+08  13.704013
5.70e+08  14.944527
5.80e+08  15.372966
5.90e+08  14.855653
6.00e+08  15.944939
6.10e+08  15.285277
6.20e+08  15.660925
6.30e+08  15.592376
6.40e+08  14.580054
6.50e+08  13.832332
6.60e+08  12.644413
6.70e+08  12.486055
6.80e+08  11.419369
6.90e+08  9.9179338
7.00e+08  10.48253
7.10e+08  9.5552192
7.20e+08  10.429192
7.30e+08  11.137221
7.40e+08  10.00141
7.50e+08  11.313159
7.60e+08  11.483006
7.70e+08  11.800393
7.80e+08  11.013238
7.90e+08  10.727322
8.00e+08  11.197464
8.10e+08  10.873796
8.20e+08  10.597337
8.30e+08  9.8459023
8.40e+08  9.4933349
8.50e+08  9.9040288
8.60e+08  10.042005
8.70e+08  12.085035
8.80e+08  8.9541843
8.90e+08  11.14123
9.00e+08  11.675154
9.10e+08  9.8415259
9.20e+08  13.47443
9.30e+08  12.356486
9.40e+08  11.641472
9.50e+08  12.215385
9.60e+08  11.686992
9.70e+08  13.28189
9.80e+08  12.24451
9.90e+08  12.752834
1.00e+09  12.532006
1.01e+09  12.520652
1.02e+09  13.617875
1.03e+09  13.074648
1.04e+09  13.739949
1.05e+09  13.781671
1.06e+09  12.483971
1.07e+09  14.129715
1.08e+09  14.090309
1.09e+09  15.387722
1.10e+09  13.619621
1.11e+09  13.875072
1.12e+09  15.114032
1.13e+09  13.386658
1.14e+09  15.484173
1.15e+09  14.66694
1.16e+09  12.952784
1.17e+09  13.214228
1.18e+09  13.610739
1.19e+09  13.030931
1.20e+09  13.039149
1.21e+09  13.521842
1.22e+09  12.60612
1.23e+09  12.342644
1.24e+09  10.683582
1.25e+09  11.08562
1.26e+09  10.459537
1.27e+09  10.701853
1.28e+09  10.226595
1.29e+09  8.9297345
1.30e+09  8.047263
1.31e+09  8.5370262
1.32e+09  6.9319194
1.33e+09  7.3807458
1.34e+09  7.3817874
1.35e+09  6.8488844
1.36e+09  8.4646839
1.37e+09  7.8073486
1.38e+09  7.185267
1.39e+09  9.5814929
1.40e+09  9.9307497
1.41e+09  8.6755128
1.42e+09  11.84067
1.43e+09  11.350627
1.44e+09  10.504817
1.45e+09  11.408907
1.46e+09  12.49859
1.47e+09  11.722661
1.48e+09  14.847556
1.49e+09  16.257522
1.50e+09  14.441217
