2.00e+08  0.9648627
2.10e+08  0.96662681
2.20e+08  0.97394298
2.30e+08  0.96236953
2.40e+08  0.97741588
2.50e+08  0.97940473
2.60e+08  0.98488193
2.70e+08  0.97175921
2.80e+08  0.96119743
2.90e+08  0.96205698
3.00e+08  0.96439715
3.10e+08  0.963469
3.20e+08  0.96432637
3.30e+08  0.9578449
3.40e+08  0.96009629
3.50e+08  0.95955606
3.60e+08  0.95203263
3.70e+08  0.96288479
3.80e+08  0.94832008
3.90e+08  0.93820429
4.00e+08  0.9498831
4.10e+08  0.9416316
4.20e+08  0.93280774
4.30e+08  0.95075892
4.40e+08  0.9325099
4.50e+08  0.92934613
4.60e+08  0.95018026
4.70e+08  0.93426196
4.80e+08  0.92272488
4.90e+08  0.94771419
5.00e+08  0.92408386
5.10e+08  0.91850321
5.20e+08  0.9443035
5.30e+08  0.9183759
5.40e+08  0.91795377
5.50e+08  0.92520495
5.60e+08  0.90275381
5.70e+08  0.91556334
5.80e+08  0.9130605
5.90e+08  0.90707147
6.00e+08  0.9247311
6.10e+08  0.90184653
6.20e+08  0.89699376
6.30e+08  0.89647678
6.40e+08  0.90149248
6.50e+08  0.88062071
6.60e+08  0.90430058
6.70e+08  0.8996406
6.80e+08  0.88178594
6.90e+08  0.92372616
7.00e+08  0.8775591
7.10e+08  0.8926257
7.20e+08  0.93077961
7.30e+08  0.87415882
7.40e+08  0.92370508
7.50e+08  0.9425698
7.60e+08  0.90712972
7.70e+08  0.92548502
7.80e+08  0.90898063
7.90e+08  0.88519394
8.00e+08  0.86420723
8.10e+08  0.87746322
8.20e+08  0.92842725
8.30e+08  0.89346924
8.40e+08  0.86465962
8.50e+08  0.91371562
8.60e+08  0.88820895
8.70e+08  0.90793854
8.80e+08  0.92420632
8.90e+08  0.88345421
9.00e+08  0.88068277
9.10e+08  0.91460847
9.20e+08  0.8701436
9.30e+08  0.88537736
9.40e+08  0.92920809
9.50e+08  0.87918866
9.60e+08  0.89189665
9.70e+08  0.91033497
9.80e+08  0.87646847
9.90e+08  0.88432822
1.00e+09  0.88121527
1.01e+09  0.87758289
1.02e+09  0.87356162
1.03e+09  0.87780352
1.04e+09  0.88886764
1.05e+09  0.87129297
1.06e+09  0.85967478
1.07e+09  0.90493149
1.08e+09  0.89004783
1.09e+09  0.84192014
1.10e+09  0.92272612
1.11e+09  0.86474513
1.12e+09  0.86912116
1.13e+09  0.94502198
1.14e+09  0.85946134
1.15e+09  0.87971342
1.16e+09  0.93988335
1.17e+09  0.92149697
1.18e+09  0.9018154
1.19e+09  0.94313284
1.20e+09  0.94786163
1.21e+09  1.0079479
1.22e+09  1.0642589
1.23e+09  1.0495518
1.24e+09  1.0715769
1.25e+09  1.0041113
1.26e+09  0.96016516
1.27e+09  0.93665293
1.28e+09  0.97307797
1.29e+09  1.0867106
1.30e+09  1.0539286
1.31e+09  1.0328187
1.32e+09  1.1419636
1.33e+09  1.0992444
1.34e+09  1.1318423
1.35e+09  1.237836
1.36e+09  1.1856061
1.37e+09  1.1214866
1.38e+09  1.1969487
1.39e+09  0.98790775
1.40e+09  1.1180649
1.41e+09  1.2544319
1.42e+09  0.99785755
1.43e+09  1.0329214
1.44e+09  1.0878319
1.45e+09  1.1842971
1.46e+09  1.2328727
1.47e+09  1.0833265
1.48e+09  1.0184438
1.49e+09  1.0224198
1.50e+09  1.2307589
2.00e+08  0.92622425
2.10e+08  0.94138198
2.20e+08  0.93398831
2.30e+08  0.91554544
2.40e+08  0.94059097
2.50e+08  0.94219356
2.60e+08  0.93711782
2.70e+08  0.93349856
2.80e+08  0.92479344
2.90e+08  0.91478837
3.00e+08  0.92588483
3.10e+08  0.92080054
3.20e+08  0.91389829
3.30e+08  0.90158333
3.40e+08  0.92009674
3.50e+08  0.9104394
3.60e+08  0.88553777
3.70e+08  0.93955411
3.80e+08  0.87572245
3.90e+08  0.84627259
4.00e+08  0.92019296
4.10e+08  0.86136097
4.20e+08  0.8444153
4.30e+08  0.92533206
4.40e+08  0.83032942
4.50e+08  0.83209721
4.60e+08  0.90772597
4.70e+08  0.82760212
4.80e+08  0.83311987
4.90e+08  0.88799737
5.00e+08  0.814901
5.10e+08  0.82192326
5.20e+08  0.87329211
5.30e+08  0.80947984
5.40e+08  0.81946809
5.50e+08  0.83344798
5.60e+08  0.77119768
5.70e+08  0.8051678
5.80e+08  0.78723247
5.90e+08  0.77451506
6.00e+08  0.79644093
6.10e+08  0.76244369
6.20e+08  0.76266913
6.30e+08  0.75022094
6.40e+08  0.76670553
6.50e+08  0.71288903
6.60e+08  0.77919105
6.70e+08  0.75894909
6.80e+08  0.70012465
6.90e+08  0.8260182
7.00e+08  0.6816697
7.10e+08  0.7203852
7.20e+08  0.78026707
7.30e+08  0.6562053
7.40e+08  0.75841661
7.50e+08  0.77863058
7.60e+08  0.69671528
7.70e+08  0.73180045
7.80e+08  0.70127948
7.90e+08  0.68618437
8.00e+08  0.6756458
8.10e+08  0.70155175
8.20e+08  0.76631194
8.30e+08  0.70553602
8.40e+08  0.67875945
8.50e+08  0.7467801
8.60e+08  0.72716926
8.70e+08  0.75186478
8.80e+08  0.81138276
8.90e+08  0.72251783
9.00e+08  0.70693852
9.10e+08  0.77070738
9.20e+08  0.68647028
9.30e+08  0.72671313
9.40e+08  0.78287608
9.50e+08  0.68822947
9.60e+08  0.70255781
9.70e+08  0.72545169
9.80e+08  0.68392098
9.90e+08  0.69557786
1.00e+09  0.69819994
1.01e+09  0.68676338
1.02e+09  0.66869855
1.03e+09  0.69163304
1.04e+09  0.68480097
1.05e+09  0.69765885
1.06e+09  0.67071385
1.07e+09  0.71949703
1.08e+09  0.72146026
1.09e+09  0.65031497
1.10e+09  0.79425815
1.11e+09  0.7177273
1.12e+09  0.68995203
1.13e+09  0.83576939
1.14e+09  0.728624
1.15e+09  0.76443982
1.16e+09  0.85080443
1.17e+09  0.83959373
1.18e+09  0.85481347
1.19e+09  0.88557448
1.20e+09  0.91249168
1.21e+09  0.95627134
1.22e+09  1.0255518
1.23e+09  1.0141994
1.24e+09  1.0619273
1.25e+09  0.99838854
1.26e+09  0.95771027
1.27e+09  0.96671464
1.28e+09  0.94790812
1.29e+09  1.0516736
1.30e+09  1.0201031
1.31e+09  0.9823251
1.32e+09  1.0254014
1.33e+09  0.95246459
1.34e+09  0.99386111
1.35e+09  0.92194943
1.36e+09  0.96498419
1.37e+09  0.83985334
1.38e+09  0.85444619
1.39e+09  0.75962887
1.40e+09  0.88390322
1.41e+09  0.94588054
1.42e+09  0.81343785
1.43e+09  0.86854968
1.44e+09  0.80614371
1.45e+09  0.96318753
1.46e+09  0.93090277
1.47e+09  0.81427083
1.48e+09  0.92549009
1.49e+09  0.84174655
1.50e+09  0.95542142
2.00e+08  0.79771731
2.10e+08  0.84478324
2.20e+08  0.79739061
2.30e+08  0.7574741
2.40e+08  0.81467993
2.50e+08  0.79699013
2.60e+08  0.77585653
2.70e+08  0.78611408
2.80e+08  0.77467581
2.90e+08  0.75198585
3.00e+08  0.78396718
3.10e+08  0.76866042
3.20e+08  0.74483941
3.30e+08  0.71657482
3.40e+08  0.7655641
3.50e+08  0.72016979
3.60e+08  0.68431685
3.70e+08  0.79783207
3.80e+08  0.63998496
3.90e+08  0.61736805
4.00e+08  0.74055508
4.10e+08  0.5956892
4.20e+08  0.61235417
4.30e+08  0.7267669
4.40e+08  0.54815617
4.50e+08  0.58544997
4.60e+08  0.65273753
4.70e+08  0.52934514
4.80e+08  0.57063508
4.90e+08  0.60788211
5.00e+08  0.52110896
5.10e+08  0.55076586
5.20e+08  0.57138823
5.30e+08  0.5033583
5.40e+08  0.52604548
5.50e+08  0.50787185
5.60e+08  0.45272108
5.70e+08  0.47289272
5.80e+08  0.42944588
5.90e+08  0.43788418
6.00e+08  0.41634241
6.10e+08  0.39713248
6.20e+08  0.40372327
6.30e+08  0.36436702
6.40e+08  0.41744849
6.50e+08  0.33789684
6.60e+08  0.38881879
6.70e+08  0.40004143
6.80e+08  0.32101259
6.90e+08  0.42157462
7.00e+08  0.31708372
7.10e+08  0.31162978
7.20e+08  0.33912202
7.30e+08  0.28348911
7.40e+08  0.31108907
7.50e+08  0.30937711
7.60e+08  0.27626367
7.70e+08  0.28005115
7.80e+08  0.30210844
7.90e+08  0.30993958
8.00e+08  0.29384043
8.10e+08  0.28801798
8.20e+08  0.30139429
8.30e+08  0.3739473
8.40e+08  0.36329419
8.50e+08  0.40706534
8.60e+08  0.4235814
8.70e+08  0.34188751
8.80e+08  0.44380368
8.90e+08  0.40423456
9.00e+08  0.34543607
9.10e+08  0.4477022
9.20e+08  0.33544481
9.30e+08  0.33564386
9.40e+08  0.37118231
9.50e+08  0.30511539
9.60e+08  0.34491868
9.70e+08  0.32401425
9.80e+08  0.30796734
9.90e+08  0.31940188
1.00e+09  0.29319054
1.01e+09  0.32440898
1.02e+09  0.31917259
1.03e+09  0.3435744
1.04e+09  0.32826206
1.05e+09  0.35286889
1.06e+09  0.36919442
1.07e+09  0.35407732
1.08e+09  0.44853755
1.09e+09  0.37037817
1.10e+09  0.44707918
1.11e+09  0.47626995
1.12e+09  0.40665425
1.13e+09  0.58129024
1.14e+09  0.50320802
1.15e+09  0.49698193
1.16e+09  0.60492517
1.17e+09  0.56144703
1.18e+09  0.64057167
1.19e+09  0.64088633
1.20e+09  0.65773671
1.21e+09  0.71568112
1.22e+09  0.70892257
1.23e+09  0.73643686
1.24e+09  0.76082364
1.25e+09  0.82476209
1.26e+09  0.78501232
1.27e+09  0.74663391
1.28e+09  0.80860697
1.29e+09  0.76507818
1.30e+09  0.90774599
1.31e+09  0.84743882
1.32e+09  0.79484924
1.33e+09  0.86228705
1.34e+09  0.75795108
1.35e+09  0.6730642
1.36e+09  0.6264728
1.37e+09  0.57991963
1.38e+09  0.50973658
1.39e+09  0.45054424
1.40e+09  0.48790279
1.41e+09  0.52746894
1.42e+09  0.43479415
1.43e+09  0.50164624
1.44e+09  0.47286632
1.45e+09  0.64363235
1.46e+09  0.54777465
1.47e+09  0.49785975
1.48e+09  0.52160284
1.49e+09  0.50483014
1.50e+09  0.57619243
2.00e+08  0.62972024
2.10e+08  0.69678519
2.20e+08  0.61618081
2.30e+08  0.5866355
2.40e+08  0.64997906
2.50e+08  0.61225428
2.60e+08  0.58802317
2.70e+08  0.59658466
2.80e+08  0.56705566
2.90e+08  0.54549386
3.00e+08  0.58885918
3.10e+08  0.57375069
3.20e+08  0.54820079
3.30e+08  0.52719892
3.40e+08  0.55493079
3.50e+08  0.4984977
3.60e+08  0.48498533
3.70e+08  0.55131437
3.80e+08  0.42168499
3.90e+08  0.41601126
4.00e+08  0.45320679
4.10e+08  0.36178319
4.20e+08  0.37182983
4.30e+08  0.39972348
4.40e+08  0.3325934
4.50e+08  0.33235977
4.60e+08  0.34026629
4.70e+08  0.29583506
4.80e+08  0.29104883
4.90e+08  0.30213258
5.00e+08  0.27575274
5.10e+08  0.26697535
5.20e+08  0.2731346
5.30e+08  0.2492955
5.40e+08  0.23865712
5.50e+08  0.23028708
5.60e+08  0.21118683
5.70e+08  0.2003313
5.80e+08  0.18354699
5.90e+08  0.17645554
6.00e+08  0.16034184
6.10e+08  0.15634154
6.20e+08  0.14884224
6.30e+08  0.14001404
6.40e+08  0.16066113
6.50e+08  0.1287325
6.60e+08  0.15405075
6.70e+08  0.15682712
6.80e+08  0.12334283
6.90e+08  0.15552328
7.00e+08  0.11036729
7.10e+08  0.094567363
7.20e+08  0.095234547
7.30e+08  0.074837304
7.40e+08  0.075893287
7.50e+08  0.076891298
7.60e+08  0.079594818
7.70e+08  0.091697336
7.80e+08  0.10149298
7.90e+08  0.087693656
8.00e+08  0.085588425
8.10e+08  0.12026401
8.20e+08  0.1519998
8.30e+08  0.16214483
8.40e+08  0.14986934
8.50e+08  0.17429953
8.60e+08  0.18947246
8.70e+08  0.15622212
8.80e+08  0.19141251
8.90e+08  0.16185398
9.00e+08  0.13411726
9.10e+08  0.16139636
9.20e+08  0.12010779
9.30e+08  0.13302694
9.40e+08  0.13671073
9.50e+08  0.109798
9.60e+08  0.12049648
9.70e+08  0.10782139
9.80e+08  0.10401439
9.90e+08  0.1054605
1.00e+09  0.09854088
1.01e+09  0.11300507
1.02e+09  0.10680017
1.03e+09  0.11682358
1.04e+09  0.11405106
1.05e+09  0.12924607
1.06e+09  0.12824954
1.07e+09  0.12829555
1.08e+09  0.1448501
1.09e+09  0.12073054
1.10e+09  0.16818008
1.11e+09  0.15183663
1.12e+09  0.14935522
1.13e+09  0.22201151
1.14e+09  0.15762244
1.15e+09  0.17599932
1.16e+09  0.19892662
1.17e+09  0.17148589
1.18e+09  0.20204422
1.19e+09  0.20509352
1.20e+09  0.22671423
1.21e+09  0.25140913
1.22e+09  0.24523268
1.23e+09  0.22389836
1.24e+09  0.22813459
1.25e+09  0.22370778
1.26e+09  0.21298144
1.27e+09  0.20832207
1.28e+09  0.2215648
1.29e+09  0.25242099
1.30e+09  0.28914794
1.31e+09  0.26415117
1.32e+09  0.27189176
1.33e+09  0.30237562
1.34e+09  0.30607434
1.35e+09  0.2870357
1.36e+09  0.29602322
1.37e+09  0.28279415
1.38e+09  0.25323163
1.39e+09  0.25903808
1.40e+09  0.23435284
1.41e+09  0.27347004
1.42e+09  0.22683288
1.43e+09  0.23917062
1.44e+09  0.26804831
1.45e+09  0.2571488
1.46e+09  0.25293958
1.47e+09  0.24976312
1.48e+09  0.23151049
1.49e+09  0.20396882
1.50e+09  0.24484347
2.00e+08  0.36507959
2.10e+08  0.4227636
2.20e+08  0.35059102
2.30e+08  0.35155506
2.40e+08  0.38950587
2.50e+08  0.35575982
2.60e+08  0.35528528
2.70e+08  0.33944843
2.80e+08  0.2972841
2.90e+08  0.28054581
3.00e+08  0.29601626
3.10e+08  0.29382596
3.20e+08  0.29432405
3.30e+08  0.28862547
3.40e+08  0.27739969
3.50e+08  0.26396541
3.60e+08  0.24037201
3.70e+08  0.25883556
3.80e+08  0.23438368
3.90e+08  0.19649463
4.00e+08  0.19826401
4.10e+08  0.16791566
4.20e+08  0.12947829
4.30e+08  0.14964659
4.40e+08  0.11892784
4.50e+08  0.092734649
4.60e+08  0.10854636
4.70e+08  0.084079846
4.80e+08  0.076296292
4.90e+08  0.090056114
5.00e+08  0.073189361
5.10e+08  0.072257631
5.20e+08  0.076542563
5.30e+08  0.062729827
5.40e+08  0.061020812
5.50e+08  0.058868089
5.60e+08  0.052481263
5.70e+08  0.053047476
5.80e+08  0.04891112
5.90e+08  0.049277346
6.00e+08  0.044528614
6.10e+08  0.043240404
6.20e+08  0.043425334
6.30e+08  0.041322846
6.40e+08  0.052143232
6.50e+08  0.043445358
6.60e+08  0.051845026
6.70e+08  0.057301747
6.80e+08  0.044258068
6.90e+08  0.053924405
7.00e+08  0.032848659
7.10e+08  0.023371682
7.20e+08  0.015352022
7.30e+08  0.0058516835
7.40e+08  0.0026956227
7.50e+08  0.0024410763
7.60e+08  0.0031309968
7.70e+08  0.0050234185
7.80e+08  0.0095579747
7.90e+08  0.012554707
8.00e+08  0.012013606
8.10e+08  0.012945037
8.20e+08  0.016485809
8.30e+08  0.020191548
8.40e+08  0.022877856
8.50e+08  0.020921443
8.60e+08  0.017631815
8.70e+08  0.014929277
8.80e+08  0.017780485
8.90e+08  0.01514904
9.00e+08  0.01346732
9.10e+08  0.01327562
9.20e+08  0.0091242331
9.30e+08  0.011589655
9.40e+08  0.010784759
9.50e+08  0.0084071922
9.60e+08  0.0091235392
9.70e+08  0.0068918422
9.80e+08  0.0063682929
9.90e+08  0.0069212161
1.00e+09  0.006111707
1.01e+09  0.0083542215
1.02e+09  0.010088675
1.03e+09  0.011950817
1.04e+09  0.012927817
1.05e+09  0.015891676
1.06e+09  0.019367893
1.07e+09  0.022401899
1.08e+09  0.026449936
1.09e+09  0.020274637
1.10e+09  0.030664535
1.11e+09  0.031650722
1.12e+09  0.028106138
1.13e+09  0.042494112
1.14e+09  0.031766242
1.15e+09  0.035803901
1.16e+09  0.047121787
1.17e+09  0.041227326
1.18e+09  0.044391681
1.19e+09  0.04753793
1.20e+09  0.053492926
1.21e+09  0.066512028
1.22e+09  0.084763401
1.23e+09  0.072181081
1.24e+09  0.068714237
1.25e+09  0.061885877
1.26e+09  0.043305185
1.27e+09  0.038526122
1.28e+09  0.036708214
1.29e+09  0.031014663
1.30e+09  0.054830661
1.31e+09  0.046160512
1.32e+09  0.055565114
1.33e+09  0.07733684
1.34e+09  0.069233362
1.35e+09  0.10141082
1.36e+09  0.12356663
1.37e+09  0.11075351
1.38e+09  0.16138241
1.39e+09  0.11606046
1.40e+09  0.096198964
1.41e+09  0.14817966
1.42e+09  0.086562863
1.43e+09  0.092190167
1.44e+09  0.11572088
1.45e+09  0.065278925
1.46e+09  0.085829122
1.47e+09  0.093145703
1.48e+09  0.058657374
1.49e+09  0.071934376
1.50e+09  0.09126825
2.00e+08  0.048444477
2.10e+08  0.042964028
2.20e+08  0.028998035
2.30e+08  0.021197272
2.40e+08  0.019702373
2.50e+08  0.024359198
2.60e+08  0.033553221
2.70e+08  0.040591115
2.80e+08  0.04479192
2.90e+08  0.044014982
3.00e+08  0.042395991
3.10e+08  0.041480858
3.20e+08  0.041873796
3.30e+08  0.043944341
3.40e+08  0.04723196
3.50e+08  0.04940309
3.60e+08  0.048107991
3.70e+08  0.057019067
3.80e+08  0.047176726
3.90e+08  0.036161547
4.00e+08  0.032539384
4.10e+08  0.021503674
4.20e+08  0.015492759
4.30e+08  0.01558869
4.40e+08  0.011965705
4.50e+08  0.011736384
4.60e+08  0.012302644
4.70e+08  0.0098001878
4.80e+08  0.0092689544
4.90e+08  0.0086616693
5.00e+08  0.0063611546
5.10e+08  0.0049776168
5.20e+08  0.0039535791
5.30e+08  0.0033629497
5.40e+08  0.0036114658
5.50e+08  0.0037612288
5.60e+08  0.0040985674
5.70e+08  0.0043533814
5.80e+08  0.0039988309
5.90e+08  0.0041376049
6.00e+08  0.0035763028
6.10e+08  0.0032648106
6.20e+08  0.0031705853
6.30e+08  0.0027233447
6.40e+08  0.0036957653
6.50e+08  0.0035761286
6.60e+08  0.0046367866
6.70e+08  0.0056119147
6.80e+08  0.0050760949
6.90e+08  0.0068873343
7.00e+08  0.0053737968
7.10e+08  0.005540646
7.20e+08  0.0053283381
7.30e+08  0.0040815448
7.40e+08  0.0041648097
7.50e+08  0.0034388602
7.60e+08  0.0026570189
7.70e+08  0.0023818916
7.80e+08  0.002121171
7.90e+08  0.0016975235
8.00e+08  0.0012636752
8.10e+08  0.0012092927
8.20e+08  0.0011742134
8.30e+08  0.0013514369
8.40e+08  0.0011779213
8.50e+08  0.0013251212
8.60e+08  0.001701072
8.70e+08  0.0012169006
8.80e+08  0.0016283625
8.90e+08  0.0013541796
9.00e+08  0.0009475672
9.10e+08  0.0012613319
9.20e+08  0.00082000938
9.30e+08  0.00083031697
9.40e+08  0.00095667412
9.50e+08  0.00061191525
9.60e+08  0.00067178275
9.70e+08  0.00062081552
9.80e+08  0.00043279926
9.90e+08  0.00045364568
1.00e+09  0.00039046514
1.01e+09  0.00023048435
1.02e+09  0.00017587723
1.03e+09  7.7013836e-05
1.04e+09  4.7178684e-05
1.05e+09  6.1548074e-05
1.06e+09  0.00015175928
1.07e+09  0.00018678398
1.08e+09  0.00040401402
1.09e+09  0.00046310296
1.10e+09  0.00061991478
1.11e+09  0.00082277022
1.12e+09  0.00061933149
1.13e+09  0.0007879845
1.14e+09  0.0007081695
1.15e+09  0.00047434933
1.16e+09  0.00069387055
1.17e+09  0.00063033062
1.18e+09  0.00060186933
1.19e+09  0.00064596798
1.20e+09  0.0012461168
1.21e+09  0.0015441929
1.22e+09  0.0027295337
1.23e+09  0.001369977
1.24e+09  0.0021339379
1.25e+09  0.0017495474
1.26e+09  0.0018134889
1.27e+09  0.0028326266
1.28e+09  0.0022750934
1.29e+09  0.0050591595
1.30e+09  0.007157777
1.31e+09  0.0055883297
1.32e+09  0.013460211
1.33e+09  0.012893812
1.34e+09  0.017565816
1.35e+09  0.032608404
1.36e+09  0.022919296
1.37e+09  0.033238919
1.38e+09  0.033501956
1.39e+09  0.020096821
1.40e+09  0.023719857
1.41e+09  0.015127483
1.42e+09  0.011627578
1.43e+09  0.014681011
1.44e+09  0.0085561181
1.45e+09  0.014074691
1.46e+09  0.012194076
1.47e+09  0.0073689139
1.48e+09  0.01237467
1.49e+09  0.0094648963
1.50e+09  0.0093048439
