2.00e+08  0.98301265
2.10e+08  0.97639824
2.20e+08  0.98044749
2.30e+08  0.97374865
2.40e+08  0.9828677
2.50e+08  0.98574822
2.60e+08  0.99314912
2.70e+08  0.9918506
2.80e+08  0.97025898
2.90e+08  0.96818409
3.00e+08  0.96742858
3.10e+08  0.96659428
3.20e+08  0.9717177
3.30e+08  0.96423383
3.40e+08  0.9640311
3.50e+08  0.96649308
3.60e+08  0.96165195
3.70e+08  0.9618927
3.80e+08  0.96362864
3.90e+08  0.95121198
4.00e+08  0.95901563
4.10e+08  0.97090826
4.20e+08  0.93492387
4.30e+08  0.95408055
4.40e+08  0.95164755
4.50e+08  0.93696854
4.60e+08  0.96325447
4.70e+08  0.94968062
4.80e+08  0.92661956
4.90e+08  0.9555042
5.00e+08  0.93585708
5.10e+08  0.92811175
5.20e+08  0.9468909
5.30e+08  0.93523942
5.40e+08  0.9372769
5.50e+08  0.94543357
5.60e+08  0.92786135
5.70e+08  0.92132257
5.80e+08  0.92180448
5.90e+08  0.91597428
6.00e+08  0.92654095
6.10e+08  0.91931831
6.20e+08  0.90779159
6.30e+08  0.90538793
6.40e+08  0.91695072
6.50e+08  0.88400083
6.60e+08  0.90878074
6.70e+08  0.90474621
6.80e+08  0.89373458
6.90e+08  0.95115718
7.00e+08  0.91159964
7.10e+08  0.92079497
7.20e+08  0.9605865
7.30e+08  0.94557592
7.40e+08  0.95839368
7.50e+08  0.97380679
7.60e+08  0.96085346
7.70e+08  0.97458551
7.80e+08  0.9980627
7.90e+08  0.98918379
8.00e+08  0.95889587
8.10e+08  0.98214956
8.20e+08  1.0090094
8.30e+08  1.021157
8.40e+08  0.96483394
8.50e+08  1.0238441
8.60e+08  1.0079965
8.70e+08  0.93440755
8.80e+08  1.0590246
8.90e+08  1.0019117
9.00e+08  0.94764532
9.10e+08  1.0802924
9.20e+08  0.92914654
9.30e+08  0.95742438
9.40e+08  1.0449694
9.50e+08  0.91748381
9.60e+08  1.0097372
9.70e+08  1.0072895
9.80e+08  0.92787306
9.90e+08  1.0188273
1.00e+09  0.94216864
1.01e+09  0.97732179
1.02e+09  1.0069004
1.03e+09  0.98037048
1.04e+09  0.97848536
1.05e+09  0.99094094
1.06e+09  1.0055735
1.07e+09  0.9738638
1.08e+09  1.0330715
1.09e+09  0.97134222
1.10e+09  1.0146492
1.11e+09  1.0215399
1.12e+09  0.92123796
1.13e+09  1.0951934
1.14e+09  0.99794493
1.15e+09  0.95442376
1.16e+09  1.1144158
1.17e+09  1.0110398
1.18e+09  1.0017493
1.19e+09  1.0635377
1.20e+09  0.99890223
1.21e+09  1.0531606
1.22e+09  1.0279721
1.23e+09  0.9554563
1.24e+09  0.93769917
1.25e+09  0.88954832
1.26e+09  0.83650185
1.27e+09  0.83926255
1.28e+09  0.85619349
1.29e+09  0.97376508
1.30e+09  0.98991858
1.31e+09  0.95620256
1.32e+09  1.1449862
1.33e+09  1.1062952
1.34e+09  1.3496613
1.35e+09  1.3724904
1.36e+09  1.3778747
1.37e+09  1.3289217
1.38e+09  1.4110602
1.39e+09  1.275008
1.40e+09  1.2966383
1.41e+09  1.4833963
1.42e+09  1.2794681
1.43e+09  1.2942675
1.44e+09  1.4430673
1.45e+09  1.5405714
1.46e+09  1.5320555
1.47e+09  1.4991287
1.48e+09  1.5099902
1.49e+09  1.3349552
1.50e+09  1.6042125
2.00e+08  0.92905051
2.10e+08  0.93976301
2.20e+08  0.93670055
2.30e+08  0.92157642
2.40e+08  0.93941199
2.50e+08  0.93645357
2.60e+08  0.9350683
2.70e+08  0.93473593
2.80e+08  0.91763313
2.90e+08  0.90316985
3.00e+08  0.90674872
3.10e+08  0.9030415
3.20e+08  0.90482481
3.30e+08  0.89538325
3.40e+08  0.89857465
3.50e+08  0.90805273
3.60e+08  0.87951668
3.70e+08  0.90298232
3.80e+08  0.90275717
3.90e+08  0.86150924
4.00e+08  0.89932366
4.10e+08  0.89618966
4.20e+08  0.81034381
4.30e+08  0.88169728
4.40e+08  0.84104924
4.50e+08  0.81098633
4.60e+08  0.8922901
4.70e+08  0.83947069
4.80e+08  0.8021737
4.90e+08  0.86545673
5.00e+08  0.8090376
5.10e+08  0.80105187
5.20e+08  0.85459151
5.30e+08  0.82385366
5.40e+08  0.8265129
5.50e+08  0.83688606
5.60e+08  0.78332989
5.70e+08  0.78279935
5.80e+08  0.77575928
5.90e+08  0.76248772
6.00e+08  0.7651335
6.10e+08  0.75380263
6.20e+08  0.73875138
6.30e+08  0.72689691
6.40e+08  0.7577878
6.50e+08  0.68098306
6.60e+08  0.74890184
6.70e+08  0.73691977
6.80e+08  0.71943445
6.90e+08  0.8868272
7.00e+08  0.76650771
7.10e+08  0.82993551
7.20e+08  0.89963124
7.30e+08  0.8512309
7.40e+08  0.93837534
7.50e+08  0.9569321
7.60e+08  0.94220773
7.70e+08  0.96552801
7.80e+08  0.99203913
7.90e+08  0.95247677
8.00e+08  0.91351229
8.10e+08  0.97888437
8.20e+08  1.0342649
8.30e+08  1.057965
8.40e+08  0.94958309
8.50e+08  1.081313
8.60e+08  1.0446232
8.70e+08  0.85204081
8.80e+08  1.1682341
8.90e+08  0.98622845
9.00e+08  0.90409274
9.10e+08  1.2323452
9.20e+08  0.81284826
9.30e+08  0.94635198
9.40e+08  1.070604
9.50e+08  0.78872447
9.60e+08  1.0443034
9.70e+08  0.93431929
9.80e+08  0.84281535
9.90e+08  1.0111504
1.00e+09  0.81223493
1.01e+09  0.95119471
1.02e+09  0.93190134
1.03e+09  0.92291923
1.04e+09  0.9395366
1.05e+09  0.92419961
1.06e+09  0.99737311
1.07e+09  0.8914775
1.08e+09  1.044674
1.09e+09  0.87941074
1.10e+09  0.98908193
1.11e+09  1.0173846
1.12e+09  0.84144846
1.13e+09  1.2464631
1.14e+09  0.95973966
1.15e+09  0.94818612
1.16e+09  1.2085544
1.17e+09  0.97949089
1.18e+09  1.087812
1.19e+09  1.1282888
1.20e+09  1.0639076
1.21e+09  1.1505983
1.22e+09  1.0417559
1.23e+09  1.0053534
1.24e+09  0.9844628
1.25e+09  0.93635205
1.26e+09  0.82957994
1.27e+09  0.83458186
1.28e+09  0.86048609
1.29e+09  0.91575662
1.30e+09  0.98212273
1.31e+09  0.87754874
1.32e+09  0.9303263
1.33e+09  0.96458871
1.34e+09  1.1421415
1.35e+09  1.1821457
1.36e+09  1.1362464
1.37e+09  1.1087046
1.38e+09  1.2075383
1.39e+09  1.0361885
1.40e+09  1.1450951
1.41e+09  1.3130099
1.42e+09  1.07038
1.43e+09  1.1313061
1.44e+09  1.1161503
1.45e+09  1.2429471
1.46e+09  1.2853706
1.47e+09  1.1960627
1.48e+09  1.3148674
1.49e+09  1.1644161
1.50e+09  1.3208039
2.00e+08  0.74057787
2.10e+08  0.80442224
2.20e+08  0.78342562
2.30e+08  0.75073166
2.40e+08  0.79528486
2.50e+08  0.77095403
2.60e+08  0.75070542
2.70e+08  0.76149116
2.80e+08  0.73228703
2.90e+08  0.69791232
3.00e+08  0.7070595
3.10e+08  0.69625869
3.20e+08  0.68781372
3.30e+08  0.673437
3.40e+08  0.68613868
3.50e+08  0.69648782
3.60e+08  0.63574013
3.70e+08  0.70101624
3.80e+08  0.67754889
3.90e+08  0.60206526
4.00e+08  0.69191109
4.10e+08  0.6224021
4.20e+08  0.51091663
4.30e+08  0.63459958
4.40e+08  0.51823364
4.50e+08  0.50212699
4.60e+08  0.62342976
4.70e+08  0.50405544
4.80e+08  0.50352125
4.90e+08  0.57801071
5.00e+08  0.47944632
5.10e+08  0.51646544
5.20e+08  0.5650905
5.30e+08  0.49979439
5.40e+08  0.54204277
5.50e+08  0.5138473
5.60e+08  0.45566388
5.70e+08  0.48111574
5.80e+08  0.43101573
5.90e+08  0.42638826
6.00e+08  0.4064938
6.10e+08  0.38957694
6.20e+08  0.39377018
6.30e+08  0.37292204
6.40e+08  0.41204552
6.50e+08  0.35898924
6.60e+08  0.43378103
6.70e+08  0.46385501
6.80e+08  0.47378543
6.90e+08  0.63358674
7.00e+08  0.56052116
7.10e+08  0.64328407
7.20e+08  0.6974865
7.30e+08  0.70326013
7.40e+08  0.82630957
7.50e+08  0.81417773
7.60e+08  0.81420635
7.70e+08  0.8010218
7.80e+08  0.80671141
7.90e+08  0.84116155
8.00e+08  0.80338119
8.10e+08  0.85695954
8.20e+08  0.87188846
8.30e+08  0.91501549
8.40e+08  0.8111719
8.50e+08  0.88698985
8.60e+08  0.94477735
8.70e+08  0.69337883
8.80e+08  0.93814865
8.90e+08  0.77762138
9.00e+08  0.64491938
9.10e+08  0.87878826
9.20e+08  0.56848201
9.30e+08  0.68240163
9.40e+08  0.70650033
9.50e+08  0.57178825
9.60e+08  0.7422139
9.70e+08  0.63639102
9.80e+08  0.64669007
9.90e+08  0.72315182
1.00e+09  0.59477984
1.01e+09  0.7491951
1.02e+09  0.68895864
1.03e+09  0.74616886
1.04e+09  0.72763592
1.05e+09  0.74005489
1.06e+09  0.81838976
1.07e+09  0.68376768
1.08e+09  0.91824629
1.09e+09  0.69647366
1.10e+09  0.83996214
1.11e+09  0.95657579
1.12e+09  0.70286102
1.13e+09  1.0971687
1.14e+09  0.87475172
1.15e+09  0.83668741
1.16e+09  1.1227342
1.17e+09  0.93299662
1.18e+09  1.0666325
1.19e+09  1.1290331
1.20e+09  1.0175734
1.21e+09  1.0951603
1.22e+09  0.9879641
1.23e+09  0.95286358
1.24e+09  0.97937817
1.25e+09  1.0033765
1.26e+09  0.91578936
1.27e+09  0.92647292
1.28e+09  0.97225616
1.29e+09  0.93814179
1.30e+09  1.0334431
1.31e+09  0.94568336
1.32e+09  0.84538186
1.33e+09  0.89175228
1.34e+09  0.78656767
1.35e+09  0.68388792
1.36e+09  0.71692646
1.37e+09  0.72695114
1.38e+09  0.77264611
1.39e+09  0.65151706
1.40e+09  0.78739439
1.41e+09  0.69460318
1.42e+09  0.62696388
1.43e+09  0.70975618
1.44e+09  0.6291494
1.45e+09  0.8121965
1.46e+09  0.90883796
1.47e+09  0.69677961
1.48e+09  0.80657086
1.49e+09  0.73611095
1.50e+09  0.78494963
2.00e+08  0.53461143
2.10e+08  0.62614931
2.20e+08  0.57706779
2.30e+08  0.53291007
2.40e+08  0.5954375
2.50e+08  0.54971778
2.60e+08  0.50934645
2.70e+08  0.52479867
2.80e+08  0.49315274
2.90e+08  0.46968064
3.00e+08  0.49093101
3.10e+08  0.46726373
3.20e+08  0.45387034
3.30e+08  0.44016893
3.40e+08  0.44449619
3.50e+08  0.44962138
3.60e+08  0.4050721
3.70e+08  0.46100562
3.80e+08  0.41707697
3.90e+08  0.3697121
4.00e+08  0.42960455
4.10e+08  0.34627602
4.20e+08  0.29513661
4.30e+08  0.35394552
4.40e+08  0.26284491
4.50e+08  0.26618576
4.60e+08  0.31091762
4.70e+08  0.24375533
4.80e+08  0.28025306
4.90e+08  0.31163632
5.00e+08  0.27308711
5.10e+08  0.31818384
5.20e+08  0.31363868
5.30e+08  0.29351358
5.40e+08  0.32857153
5.50e+08  0.28995971
5.60e+08  0.28578645
5.70e+08  0.27207583
5.80e+08  0.23206313
5.90e+08  0.2414103
6.00e+08  0.21612843
6.10e+08  0.2230248
6.20e+08  0.22597499
6.30e+08  0.21497992
6.40e+08  0.26583957
6.50e+08  0.2212996
6.60e+08  0.29225475
6.70e+08  0.31834175
6.80e+08  0.28241428
6.90e+08  0.41713668
7.00e+08  0.33845955
7.10e+08  0.38459426
7.20e+08  0.44005038
7.30e+08  0.38084373
7.40e+08  0.45225383
7.50e+08  0.45965355
7.60e+08  0.46206026
7.70e+08  0.48574359
7.80e+08  0.49830118
7.90e+08  0.50293017
8.00e+08  0.48562657
8.10e+08  0.53499283
8.20e+08  0.56680727
8.30e+08  0.59580482
8.40e+08  0.50630129
8.50e+08  0.58940674
8.60e+08  0.56124188
8.70e+08  0.42028475
8.80e+08  0.58258168
8.90e+08  0.44974362
9.00e+08  0.42037899
9.10e+08  0.55459941
9.20e+08  0.36093403
9.30e+08  0.47688541
9.40e+08  0.49133233
9.50e+08  0.41979931
9.60e+08  0.55296294
9.70e+08  0.4889865
9.80e+08  0.52232462
9.90e+08  0.58598021
1.00e+09  0.52566339
1.01e+09  0.62022693
1.02e+09  0.59908286
1.03e+09  0.63321546
1.04e+09  0.62057551
1.05e+09  0.64354493
1.06e+09  0.64068794
1.07e+09  0.60746375
1.08e+09  0.71962723
1.09e+09  0.57017509
1.10e+09  0.71806366
1.11e+09  0.71523026
1.12e+09  0.63331319
1.13e+09  0.8824992
1.14e+09  0.69993625
1.15e+09  0.70969316
1.16e+09  0.88273849
1.17e+09  0.81078077
1.18e+09  0.86591882
1.19e+09  0.93746172
1.20e+09  0.93446344
1.21e+09  0.96362788
1.22e+09  0.92152264
1.23e+09  0.90190003
1.24e+09  0.92547531
1.25e+09  0.91939215
1.26e+09  0.86086158
1.27e+09  0.91994234
1.28e+09  0.9353294
1.29e+09  0.9574576
1.30e+09  1.1010438
1.31e+09  0.87769608
1.32e+09  0.89490891
1.33e+09  0.87004942
1.34e+09  0.64488947
1.35e+09  0.52569721
1.36e+09  0.46511725
1.37e+09  0.42247011
1.38e+09  0.42699401
1.39e+09  0.37751577
1.40e+09  0.32574724
1.41e+09  0.33539383
1.42e+09  0.33389278
1.43e+09  0.32474645
1.44e+09  0.27582259
1.45e+09  0.4115985
1.46e+09  0.35459607
1.47e+09  0.30495916
1.48e+09  0.41648265
1.49e+09  0.33051286
1.50e+09  0.36990772
2.00e+08  0.30639118
2.10e+08  0.3710192
2.20e+08  0.30702424
2.30e+08  0.27168835
2.40e+08  0.31501952
2.50e+08  0.27997498
2.60e+08  0.23232789
2.70e+08  0.22436017
2.80e+08  0.20003508
2.90e+08  0.2032404
3.00e+08  0.22606783
3.10e+08  0.21663588
3.20e+08  0.21536434
3.30e+08  0.20712065
3.40e+08  0.2021707
3.50e+08  0.20377789
3.60e+08  0.17961468
3.70e+08  0.19978707
3.80e+08  0.18094899
3.90e+08  0.16170311
4.00e+08  0.17347051
4.10e+08  0.14942826
4.20e+08  0.12558843
4.30e+08  0.13629329
4.40e+08  0.11101734
4.50e+08  0.098416866
4.60e+08  0.11435146
4.70e+08  0.1039847
4.80e+08  0.1055831
4.90e+08  0.13214356
5.00e+08  0.13029442
5.10e+08  0.1353373
5.20e+08  0.16342975
5.30e+08  0.16094775
5.40e+08  0.1704307
5.50e+08  0.17998333
5.60e+08  0.15432144
5.70e+08  0.15323582
5.80e+08  0.1403362
5.90e+08  0.13201474
6.00e+08  0.1298419
6.10e+08  0.11789671
6.20e+08  0.11689274
6.30e+08  0.10856978
6.40e+08  0.12038265
6.50e+08  0.11613267
6.60e+08  0.13315516
6.70e+08  0.14492737
6.80e+08  0.13008739
6.90e+08  0.15510531
7.00e+08  0.12877164
7.10e+08  0.12875981
7.20e+08  0.15110872
7.30e+08  0.1437301
7.40e+08  0.16698315
7.50e+08  0.18248398
7.60e+08  0.19383782
7.70e+08  0.22543914
7.80e+08  0.24281739
7.90e+08  0.26968399
8.00e+08  0.29662298
8.10e+08  0.33973589
8.20e+08  0.39234145
8.30e+08  0.41450577
8.40e+08  0.40806526
8.50e+08  0.44669067
8.60e+08  0.44490191
8.70e+08  0.36451919
8.80e+08  0.4264453
8.90e+08  0.37461603
9.00e+08  0.31123072
9.10e+08  0.3627341
9.20e+08  0.26756013
9.30e+08  0.27687088
9.40e+08  0.30390847
9.50e+08  0.24680908
9.60e+08  0.26524742
9.70e+08  0.25469801
9.80e+08  0.22440654
9.90e+08  0.24340336
1.00e+09  0.21769453
1.01e+09  0.21736906
1.02e+09  0.2113795
1.03e+09  0.20410846
1.04e+09  0.18749489
1.05e+09  0.19168769
1.06e+09  0.18472532
1.07e+09  0.17805022
1.08e+09  0.20535428
1.09e+09  0.16687449
1.10e+09  0.21346634
1.11e+09  0.20826965
1.12e+09  0.18711165
1.13e+09  0.26640356
1.14e+09  0.21666672
1.15e+09  0.23896402
1.16e+09  0.29202162
1.17e+09  0.28326276
1.18e+09  0.31516107
1.19e+09  0.3310485
1.20e+09  0.34123407
1.21e+09  0.35975696
1.22e+09  0.36057856
1.23e+09  0.37304041
1.24e+09  0.37194271
1.25e+09  0.38774199
1.26e+09  0.36011771
1.27e+09  0.37369963
1.28e+09  0.40983908
1.29e+09  0.38037857
1.30e+09  0.44856434
1.31e+09  0.40703619
1.32e+09  0.35373987
1.33e+09  0.39485271
1.34e+09  0.2934458
1.35e+09  0.21123285
1.36e+09  0.20284461
1.37e+09  0.15886963
1.38e+09  0.14640414
1.39e+09  0.14952237
1.40e+09  0.12737089
1.41e+09  0.1308224
1.42e+09  0.11802301
1.43e+09  0.12120915
1.44e+09  0.11212578
1.45e+09  0.15426345
1.46e+09  0.15653684
1.47e+09  0.13081963
1.48e+09  0.17871389
1.49e+09  0.13290922
1.50e+09  0.16553943
2.00e+08  0.069796688
2.10e+08  0.079443249
2.20e+08  0.062909657
2.30e+08  0.051391778
2.40e+08  0.051983396
2.50e+08  0.03428345
2.60e+08  0.029906639
2.70e+08  0.024220485
2.80e+08  0.02139783
2.90e+08  0.017772065
3.00e+08  0.010876798
3.10e+08  0.012530224
3.20e+08  0.015794563
3.30e+08  0.015783605
3.40e+08  0.015287422
3.50e+08  0.014462908
3.60e+08  0.012895249
3.70e+08  0.01494767
3.80e+08  0.014373682
3.90e+08  0.014684803
4.00e+08  0.019501357
4.10e+08  0.018731796
4.20e+08  0.018137843
4.30e+08  0.024460278
4.40e+08  0.020397338
4.50e+08  0.022468312
4.60e+08  0.028270703
4.70e+08  0.024963653
4.80e+08  0.02451765
4.90e+08  0.026561633
5.00e+08  0.023402463
5.10e+08  0.025100549
5.20e+08  0.028173276
5.30e+08  0.024949743
5.40e+08  0.024756141
5.50e+08  0.021679618
5.60e+08  0.019717646
5.70e+08  0.02287334
5.80e+08  0.023415094
5.90e+08  0.027092062
6.00e+08  0.029756471
6.10e+08  0.032514785
6.20e+08  0.039311746
6.30e+08  0.042594559
6.40e+08  0.056480915
6.50e+08  0.058159734
6.60e+08  0.074107418
6.70e+08  0.086198803
6.80e+08  0.079971793
6.90e+08  0.10747019
7.00e+08  0.084048086
7.10e+08  0.084964714
7.20e+08  0.079940682
7.30e+08  0.063847253
7.40e+08  0.068264435
7.50e+08  0.059454516
7.60e+08  0.050437042
7.70e+08  0.047517208
7.80e+08  0.042533171
7.90e+08  0.041734723
8.00e+08  0.038255478
8.10e+08  0.038585121
8.20e+08  0.044520845
8.30e+08  0.047669868
8.40e+08  0.041537998
8.50e+08  0.046433156
8.60e+08  0.044146806
8.70e+08  0.031854901
8.80e+08  0.037926841
8.90e+08  0.027573142
9.00e+08  0.020820867
9.10e+08  0.024588195
9.20e+08  0.015433948
9.30e+08  0.014800196
9.40e+08  0.015644158
9.50e+08  0.011927324
9.60e+08  0.014263775
9.70e+08  0.014006358
9.80e+08  0.012787891
9.90e+08  0.014363716
1.00e+09  0.012953813
1.01e+09  0.012935569
1.02e+09  0.012333831
1.03e+09  0.011177621
1.04e+09  0.009542844
1.05e+09  0.0090065377
1.06e+09  0.0086650009
1.07e+09  0.0074501121
1.08e+09  0.0086874454
1.09e+09  0.0062020632
1.10e+09  0.0063346074
1.11e+09  0.0065111208
1.12e+09  0.0052206397
1.13e+09  0.0072501843
1.14e+09  0.0065178573
1.15e+09  0.0061059232
1.16e+09  0.0067939228
1.17e+09  0.0058936766
1.18e+09  0.0066104638
1.19e+09  0.0076049235
1.20e+09  0.011502633
1.21e+09  0.013421461
1.22e+09  0.014571487
1.23e+09  0.011330118
1.24e+09  0.010561681
1.25e+09  0.0099053612
1.26e+09  0.0072302921
1.27e+09  0.0071423985
1.28e+09  0.0062844412
1.29e+09  0.0060845591
1.30e+09  0.0081033754
1.31e+09  0.0080097924
1.32e+09  0.015065946
1.33e+09  0.022264787
1.34e+09  0.01689165
1.35e+09  0.028548603
1.36e+09  0.026848562
1.37e+09  0.020088578
1.38e+09  0.035848665
1.39e+09  0.017452138
1.40e+09  0.022573069
1.41e+09  0.031856081
1.42e+09  0.015790977
1.43e+09  0.022422875
1.44e+09  0.026425599
1.45e+09  0.017004704
1.46e+09  0.029292243
1.47e+09  0.028218473
1.48e+09  0.021182133
1.49e+09  0.025727781
1.50e+09  0.026616057
