0.5   473.096
1.5   472.548
2.5   471.999
3.5   471.451
4.5   470.903
5.5   470.355
6.5   469.806
7.5   469.258
8.5   468.71
9.5   468.161
10.5   467.613
11.5   467.065
12.5   466.517
13.5   465.968
14.5   465.42
15.5   464.871
16.5   464.323
17.5   463.775
18.5   463.226
19.5   462.678
20.5   462.13
21.5   461.581
22.5   461.033
23.5   460.484
24.5   459.936
25.5   459.388
26.5   458.839
27.5   458.291
28.5   457.742
29.5   457.194
30.5   456.645
31.5   456.097
32.5   455.548
33.5   455
34.5   454.451
35.5   453.903
36.5   453.354
37.5   452.806
38.5   452.257
39.5   451.709
40.5   451.16
41.5   450.612
42.5   450.063
43.5   449.515
44.5   448.966
45.5   448.417
46.5   447.869
47.5   447.32
48.5   446.772
49.5   446.223
50.5   445.674
51.5   445.126
52.5   444.577
53.5   444.028
54.5   443.48
55.5   442.931
56.5   442.382
57.5   441.834
58.5   441.285
59.5   440.736
60.5   440.188
61.5   439.639
62.5   439.09
63.5   438.541
64.5   437.993
65.5   437.444
66.5   436.895
67.5   436.346
68.5   435.798
69.5   435.249
70.5   434.7
71.5   434.151
72.5   433.602
73.5   433.054
74.5   432.505
75.5   431.956
76.5   431.407
77.5   430.858
78.5   430.309
79.5   429.761
80.5   429.212
81.5   428.663
82.5   428.114
83.5   427.565
84.5   427.016
85.5   426.467
86.5   425.918
87.5   425.369
88.5   424.82
89.5   424.271
90.5   423.723
91.5   423.174
92.5   422.625
93.5   422.076
94.5   421.527
95.5   420.978
96.5   420.429
97.5   419.88
98.5   419.33
99.5   418.781
100.5   418.232
101.5   417.683
102.5   417.134
103.5   416.585
104.5   416.036
105.5   415.487
106.5   414.938
107.5   414.389
108.5   413.84
109.5   413.291
110.5   412.741
111.5   412.192
112.5   411.643
113.5   411.094
114.5   410.545
115.5   409.996
116.5   409.446
117.5   408.897
118.5   408.348
119.5   407.799
120.5   407.25
121.5   406.7
122.5   406.151
123.5   405.602
124.5   405.052
125.5   404.503
126.5   403.954
127.5   403.405
128.5   402.855
129.5   402.306
130.5   401.757
131.5   401.207
132.5   400.658
133.5   400.109
134.5   399.559
135.5   399.01
136.5   398.461
137.5   397.911
138.5   397.362
139.5   396.812
140.5   396.263
141.5   395.713
142.5   395.164
143.5   394.615
144.5   394.065
145.5   393.516
146.5   392.966
147.5   392.417
148.5   391.867
149.5   391.318
150.5   390.768
151.5   390.219
152.5   389.669
153.5   389.12
154.5   388.57
155.5   388.02
156.5   387.471
157.5   386.921
158.5   386.372
159.5   385.822
160.5   385.272
161.5   384.723
162.5   384.173
163.5   383.624
164.5   383.074
165.5   382.524
166.5   381.974
167.5   381.425
168.5   380.875
169.5   380.325
170.5   379.776
171.5   379.226
172.5   378.676
173.5   378.126
174.5   377.577
175.5   377.027
176.5   376.477
177.5   375.927
178.5   375.378
179.5   374.828
180.5   374.278
181.5   373.728
182.5   373.178
183.5   372.628
184.5   372.078
185.5   371.529
186.5   370.979
187.5   370.429
188.5   369.879
189.5   369.329
190.5   368.779
191.5   368.229
192.5   367.679
193.5   367.129
194.5   366.579
195.5   366.029
196.5   365.479
197.5   364.929
198.5   364.379
199.5   363.829
200.5   363.279
201.5   362.729
202.5   362.179
203.5   361.629
204.5   361.079
205.5   360.529
206.5   359.979
207.5   359.429
208.5   358.878
209.5   358.328
210.5   357.778
211.5   357.228
212.5   356.678
213.5   356.128
214.5   355.577
215.5   355.027
216.5   354.477
217.5   353.927
218.5   353.377
219.5   352.826
220.5   352.276
221.5   351.726
222.5   351.175
223.5   350.625
224.5   350.075
225.5   349.525
226.5   348.974
227.5   348.424
228.5   347.873
229.5   347.323
230.5   346.773
231.5   346.222
232.5   345.672
233.5   345.122
234.5   344.571
235.5   344.021
236.5   343.47
237.5   342.92
238.5   342.369
239.5   341.819
240.5   341.268
241.5   340.718
242.5   340.167
243.5   339.617
244.5   339.066
245.5   338.516
246.5   337.965
247.5   337.414
248.5   336.864
249.5   336.313
250.5   335.763
251.5   335.212
252.5   334.661
253.5   334.111
254.5   333.56
255.5   333.009
256.5   332.459
257.5   331.908
258.5   331.357
259.5   330.806
260.5   330.256
261.5   329.705
262.5   329.154
263.5   328.603
264.5   328.053
265.5   327.502
266.5   326.951
267.5   326.4
268.5   325.849
269.5   325.298
270.5   324.747
271.5   324.197
272.5   323.646
273.5   323.095
274.5   322.544
275.5   321.993
276.5   321.442
277.5   320.891
278.5   320.34
279.5   319.789
280.5   319.238
281.5   318.687
282.5   318.136
283.5   317.585
284.5   317.034
285.5   316.483
286.5   315.932
287.5   315.381
288.5   314.829
289.5   314.278
290.5   313.727
291.5   313.176
292.5   312.625
293.5   312.074
294.5   311.522
295.5   310.971
296.5   310.42
297.5   309.869
298.5   309.318
299.5   308.766
300.5   308.215
301.5   307.664
302.5   307.112
303.5   306.561
304.5   306.01
305.5   305.458
306.5   304.907
307.5   304.356
308.5   303.804
309.5   303.253
310.5   302.701
311.5   302.15
312.5   301.598
313.5   301.047
314.5   300.496
315.5   299.944
316.5   299.393
317.5   298.841
318.5   298.289
319.5   297.738
320.5   297.186
321.5   296.635
322.5   296.083
323.5   295.532
324.5   294.98
325.5   294.428
326.5   293.877
327.5   293.325
328.5   292.773
329.5   292.222
330.5   291.67
331.5   291.118
332.5   290.566
333.5   290.015
334.5   289.463
335.5   288.911
336.5   288.359
337.5   287.807
338.5   287.255
339.5   286.704
340.5   286.152
341.5   285.6
342.5   285.048
343.5   284.496
344.5   283.944
345.5   283.392
346.5   282.84
347.5   282.288
348.5   281.736
349.5   281.184
350.5   280.632
351.5   280.08
352.5   279.528
353.5   278.976
354.5   278.424
355.5   277.872
356.5   277.32
357.5   276.767
358.5   276.215
359.5   275.663
360.5   275.111
361.5   274.559
362.5   274.006
363.5   273.454
364.5   272.902
365.5   272.35
366.5   271.797
367.5   271.245
368.5   270.693
369.5   270.14
370.5   269.588
371.5   269.036
372.5   268.483
373.5   267.931
374.5   267.378
375.5   266.826
376.5   266.273
377.5   265.721
378.5   265.168
379.5   264.616
380.5   264.063
381.5   263.511
382.5   262.958
383.5   262.406
384.5   261.853
385.5   261.3
386.5   260.748
387.5   260.195
388.5   259.642
389.5   259.09
390.5   258.537
391.5   257.984
392.5   257.432
393.5   256.879
394.5   256.326
395.5   255.773
396.5   255.22
397.5   254.668
398.5   254.115
399.5   253.562
400.5   253.009
401.5   252.456
402.5   251.903
403.5   251.35
404.5   250.797
405.5   250.244
406.5   249.691
407.5   249.138
408.5   248.585
409.5   248.032
410.5   247.479
411.5   246.926
412.5   246.373
413.5   245.819
414.5   245.266
415.5   244.713
416.5   244.16
417.5   243.607
418.5   243.053
419.5   242.5
