0.5   242.362
1.5   242.221
2.5   242.08
3.5   241.94
4.5   241.799
5.5   241.659
6.5   241.519
7.5   241.38
8.5   241.24
9.5   241.101
10.5   240.961
11.5   240.822
12.5   240.684
13.5   240.545
14.5   240.406
15.5   240.268
16.5   240.13
17.5   239.992
18.5   239.854
19.5   239.717
20.5   239.579
21.5   239.442
22.5   239.305
23.5   239.168
24.5   239.032
25.5   238.895
26.5   238.759
27.5   238.623
28.5   238.487
29.5   238.352
30.5   238.216
31.5   238.081
32.5   237.946
33.5   237.811
34.5   237.676
35.5   237.542
36.5   237.408
37.5   237.274
38.5   237.14
39.5   237.006
40.5   236.873
41.5   236.74
42.5   236.607
43.5   236.474
44.5   236.342
45.5   236.209
46.5   236.077
47.5   235.946
48.5   235.814
49.5   235.683
50.5   235.551
51.5   235.42
52.5   235.29
53.5   235.159
54.5   235.029
55.5   234.899
56.5   234.769
57.5   234.639
58.5   234.51
59.5   234.381
60.5   234.252
61.5   234.124
62.5   233.995
63.5   233.867
64.5   233.739
65.5   233.611
66.5   233.484
67.5   233.357
68.5   233.23
69.5   233.103
70.5   232.977
71.5   232.851
72.5   232.725
73.5   232.599
74.5   232.474
75.5   232.349
76.5   232.224
77.5   232.099
78.5   231.975
79.5   231.851
80.5   231.727
81.5   231.604
82.5   231.48
83.5   231.357
84.5   231.235
85.5   231.112
86.5   230.99
87.5   230.868
88.5   230.747
89.5   230.625
90.5   230.504
91.5   230.384
92.5   230.263
93.5   230.143
94.5   230.023
95.5   229.904
96.5   229.784
97.5   229.665
98.5   229.547
99.5   229.428
100.5   229.31
101.5   229.193
102.5   229.075
103.5   228.958
104.5   228.841
105.5   228.725
106.5   228.609
107.5   228.493
108.5   228.377
109.5   228.262
110.5   228.147
111.5   228.033
112.5   227.918
113.5   227.804
114.5   227.691
115.5   227.578
116.5   227.465
117.5   227.352
118.5   227.24
119.5   227.128
120.5   227.017
121.5   226.906
122.5   226.795
123.5   226.684
124.5   226.574
125.5   226.464
126.5   226.355
127.5   226.246
128.5   226.137
129.5   226.029
130.5   225.921
131.5   225.814
132.5   225.707
133.5   225.6
134.5   225.494
135.5   225.388
136.5   225.282
137.5   225.177
138.5   225.072
139.5   224.968
140.5   224.864
141.5   224.76
142.5   224.657
143.5   224.554
144.5   224.452
145.5   224.35
146.5   224.248
147.5   224.147
148.5   224.046
149.5   223.946
150.5   223.846
151.5   223.747
152.5   223.648
153.5   223.549
154.5   223.451
155.5   223.353
156.5   223.256
157.5   223.159
158.5   223.063
159.5   222.967
160.5   222.872
161.5   222.777
162.5   222.683
163.5   222.589
164.5   222.495
165.5   222.402
166.5   222.309
167.5   222.217
168.5   222.126
169.5   222.035
170.5   221.944
171.5   221.854
172.5   221.765
173.5   221.676
174.5   221.587
175.5   221.499
176.5   221.412
177.5   221.325
178.5   221.238
179.5   221.152
180.5   221.067
181.5   220.982
182.5   220.898
183.5   220.814
184.5   220.731
185.5   220.648
186.5   220.566
187.5   220.485
188.5   220.404
189.5   220.324
190.5   220.244
191.5   220.165
192.5   220.086
193.5   220.008
194.5   219.931
195.5   219.854
196.5   219.778
197.5   219.703
198.5   219.628
199.5   219.553
200.5   219.48
201.5   219.407
202.5   219.334
203.5   219.263
204.5   219.192
205.5   219.121
206.5   219.052
207.5   218.983
208.5   218.914
209.5   218.846
210.5   218.779
211.5   218.713
212.5   218.648
213.5   218.583
214.5   218.518
215.5   218.455
216.5   218.392
217.5   218.33
218.5   218.269
219.5   218.208
220.5   218.148
221.5   218.089
222.5   218.031
223.5   217.974
224.5   217.917
225.5   217.861
226.5   217.806
227.5   217.751
228.5   217.698
229.5   217.645
230.5   217.593
231.5   217.542
232.5   217.492
233.5   217.442
234.5   217.394
235.5   217.346
236.5   217.299
237.5   217.253
238.5   217.208
239.5   217.164
240.5   217.121
241.5   217.078
242.5   217.037
243.5   216.996
244.5   216.956
245.5   216.918
246.5   216.88
247.5   216.843
248.5   216.807
249.5   216.772
250.5   216.738
251.5   216.706
252.5   216.674
253.5   216.643
254.5   216.613
255.5   216.584
256.5   216.556
257.5   216.53
258.5   216.504
259.5   216.479
260.5   216.456
261.5   216.434
262.5   216.412
263.5   216.392
264.5   216.373
265.5   216.355
266.5   216.338
267.5   216.323
268.5   216.308
269.5   216.295
270.5   216.283
271.5   216.272
272.5   216.263
273.5   216.255
274.5   216.247
275.5   216.242
276.5   216.237
277.5   216.234
278.5   216.232
279.5   216.231
280.5   216.232
281.5   216.234
282.5   216.237
283.5   216.242
284.5   216.248
285.5   216.256
286.5   216.265
287.5   216.275
288.5   216.287
289.5   216.301
290.5   216.315
291.5   216.332
292.5   216.35
293.5   216.369
294.5   216.39
295.5   216.412
296.5   216.436
297.5   216.462
298.5   216.489
299.5   216.518
300.5   216.549
301.5   216.581
302.5   216.615
303.5   216.651
304.5   216.688
305.5   216.727
306.5   216.768
307.5   216.811
308.5   216.856
309.5   216.902
310.5   216.95
311.5   217
312.5   217.052
313.5   217.106
314.5   217.162
315.5   217.22
316.5   217.28
317.5   217.342
318.5   217.406
319.5   217.472
320.5   217.54
321.5   217.61
322.5   217.683
323.5   217.757
324.5   217.834
325.5   217.913
326.5   217.995
327.5   218.078
328.5   218.164
329.5   218.252
330.5   218.343
331.5   218.436
332.5   218.532
333.5   218.63
334.5   218.73
335.5   218.833
336.5   218.939
337.5   219.047
338.5   219.158
339.5   219.271
340.5   219.387
341.5   219.506
342.5   219.628
343.5   219.753
344.5   219.88
345.5   220.01
346.5   220.144
347.5   220.28
348.5   220.419
349.5   220.562
350.5   220.707
351.5   220.856
352.5   221.007
353.5   221.162
354.5   221.321
355.5   221.482
356.5   221.648
357.5   221.816
358.5   221.988
359.5   222.164
360.5   222.343
361.5   222.525
362.5   222.712
363.5   222.902
364.5   223.096
365.5   223.294
366.5   223.496
367.5   223.702
368.5   223.912
369.5   224.125
370.5   224.344
371.5   224.566
372.5   224.793
373.5   225.024
374.5   225.259
375.5   225.499
376.5   225.744
377.5   225.993
378.5   226.247
379.5   226.506
380.5   226.769
381.5   227.038
382.5   227.312
383.5   227.591
384.5   227.875
385.5   228.164
386.5   228.459
387.5   228.759
388.5   229.065
389.5   229.376
390.5   229.694
391.5   230.017
392.5   230.346
393.5   230.681
394.5   231.023
395.5   231.37
396.5   231.725
397.5   232.085
398.5   232.453
399.5   232.827
400.5   233.208
401.5   233.596
402.5   233.991
403.5   234.394
404.5   234.804
405.5   235.221
406.5   235.646
407.5   236.079
408.5   236.521
409.5   236.97
410.5   237.427
411.5   237.894
412.5   238.368
413.5   238.852
414.5   239.345
415.5   239.846
416.5   240.358
417.5   240.878
418.5   241.409
419.5   241.949
